100 88
21 31
10 75
43 72
48 52
83 93
43 93
7 72
18 93
11 92
36 78
38 69
17 37
21 68
84 85
25 45
50 69
39 77
35 40
14 38
24 81
68 98
4 26
18 23
54 72
7 47
44 75
19 63
15 34
50 74
59 76
11 79
13 64
11 19
7 11
73 97
34 40
58 61
21 43
31 87
12 84
37 51
6 51
10 36
65 67
30 60
29 45
3 62
52 71
16 60
21 66
43 66
43 71
10 92
78 96
57 64
62 99
47 98
18 79
15 41
43 51
20 95
1 88
1 7
27 54
19 93
30 59
25 44
32 71
68 100
58 63
28 49
1 31
23 90
27 91
53 97
28 37
18 24
9 67
64 92
2 77
61 98
48 54
77 89
41 42
91 95
15 30
2 95
29 57
15 88
64 67
40 81
32 39
10 27
31 75
52 81
6 75
31 85
24 45
74 93
65 70
