1000
1.500000 1.980000
1.420000 2.900000
1.090000 1.610000
2.080000 1.720000
2.820000 1.320000
1.140000 1.650000
1.900000 1.150000
2.760000 2.270000
2.560000 2.800000
2.170000 1.130000
2.080000 2.570000
1.560000 1.160000
2.940000 1.140000
1.270000 1.340000
2.280000 2.370000
2.000000 2.030000
2.730000 2.630000
2.930000 2.660000
1.200000 1.170000
2.490000 1.260000
2.720000 1.420000
2.070000 2.380000
1.410000 1.710000
2.870000 1.220000
1.830000 2.840000
2.630000 1.030000
1.770000 2.210000
2.760000 1.400000
1.810000 2.250000
1.850000 2.860000
1.180000 1.260000
1.420000 2.570000
1.980000 2.250000
1.170000 1.760000
2.810000 2.830000
2.730000 1.110000
1.530000 1.170000
2.080000 1.980000
2.840000 2.390000
2.830000 2.810000
1.790000 1.750000
2.910000 1.660000
1.000000 2.160000
2.460000 2.380000
2.100000 1.050000
1.940000 2.080000
2.430000 1.120000
1.130000 2.910000
2.750000 1.910000
2.780000 1.140000
1.920000 1.250000
1.760000 2.930000
2.050000 2.800000
1.400000 2.