500 832
1 2 80
1 3 610
3 4 127
4 5 770
3 6 189
4 7 560
2 8 346
2 9 88
9 10 206
8 11 474
11 12 61
12 13 460
2 14 37
11 15 966
3 16 940
16 17 566
15 18 798
14 19 460
15 20 861
5 21 64
3 22 561
10 23 483
9 24 619
11 25 84
23 26 268
20 27 420
2 28 43
4 29 803
23 30 127
17 31 924
11 32 522
21 33 671
3 34 559
33 35 479
18 36 613
31 37 715
25 38 483
11 39 152
1 40 759
39 41 182
19 42 154
12 43 585
19 44 166
18 45 740
3 46 11
35 47 785
42 48 30
25 49 308
14 50 563
8 51 689
11 52 445
14 53 59
19 54 739
11 55 222
31 56 429
53 57 831
53 58 727
48 59 987
15 60 45
8 61 253
52 62 753
57 63 812
61 64 296
36 65 492
21 66 803
21 67 100
43 68 365
58 69 800
14 70 673
15 71 567
55 72 398
22 73 80
38 74 108
36 75 320
16 76 545
23 77 464
72 78 440
39 79 717
45 80 98
29 81 71
74 82 295
59 83 630
30 84 486
30 85 938
10 86 419
4 87 810
43 88 377
74 89 343
54 90 673
79 91 34
27 92 561
51 93 323
22 94 952
56 95 732
7 96 545
14 97 957
55 98 79
90 99 953
30 100 328
67 101 609
27 102 68
78 103 951
77 104 951
1 105 334
94 106 357
104 107 256
60 108 470
24 109 616
57 110 427
24 111 233
86 112 695
93 113 198
22 114 681
64 115 420
113 116 586
34 117 245
90 118 34
79 119 46
82 120 880
19 121 363
113 122 353
91 123 330
47 124 287
42 125 189
46 126 22
121 127 116
48 128 244
51 129 138
61 130 424
50 131 367
14 132 60
109 133 878
25 134 525
18 135 63
130 136 27
79 137 576
71 138 108
86 139 48
10 140 133
12 141 260
89 142 460
128 143 189
57 144 296
40 145 954
110 146 954
8 147 578
135 148 728
80 149 908
84 150 703
3 151 419
109 152 968
22 153 716
121 154 631
11 155 954
155 156 304
11 157 108
110 158 411
77 159 12
72 160 58
52 161 956
34 162 103
89 163 53
53 164 971
161 165 496
90 166 821
154 167 280
114 168 616
24 169 359
68 170 417
129 171 272
27 172 503
3 173 845
44 174 875
126 175 58
140 176 450
78 177 985
106 178 800
68 179 776
104 180 48
18 181 472
80 182 858
101 183 727
71 184 827
173 185 912
183 186 755
150 187 442
31 188 75
144 189 950
95 190 877
140 191 85
173 192 729
111 193 250
124 194 693
106 195 875
10 196 389
133 197 429
113 198 347
49 199 360
41 200 561
117 201 849
196 202 956
148 203 352
122 204 771
66 205 969
67 206 697
122 207 462
156 208 95
31 209 21
73 210 989
189 211 766
58 212 530
104 213 864
40 214 83
193 215 924
163 216 720
104 217 9
111 218 357
112 219 642
26 220 448
16 221 277
195 222 870
67 223 614
88 224 387
134 225 940
34 226 921
23 227 545
12 228 720
84 229 799
131 230 880
21 231 449
22 232 83
197 233 64
43 234 550
189 235 96
49 236 673
87 237 83
196 238 261
167 239 875
64 240 318
108 241 709
110 242 441
86 243 988
91 244 543
132 245 628
144 246 810
81 247 345
160 248 832
181 249 751
106 250 686
41 251 787
155 252 119
11 253 961
250 254 685
18 255 799
100 256 543
153 257 866
192 258 595
51 259 624
236 260 526
70 261 342
97 262 274
175 263 307
11 264 791
168 265 172
9 266 406
178 267 697
230 268 633
76 269 784
255 270 287
16 271 385
27 272 823
164 273 546
51 274 922
215 275 427
27 276 70
96 277 460
261 278 392
272 279 174
19 280 194
246 281 728
208 282 373
21 283 27
122 284 936
122 285 24
143 286 234
177 287 384
272 288 325
134 289 948
230 290 980
243 291 591
181 292 750
183 293 408
110 294 843
24 295 308
251 296 910
118 297 955
139 298 44
234 299 962
248 300 924
128 301 985
202 302 415
62 303 998
184 304 394
55 305 642
217 306 586
215 307 754
243 308 247
179 309 905
282 310 28
249 311 748
300 312 222
50 313 686
276 314 898
245 315 597
9 316 596
272 317 340
89 318 46
187 319 338
259 320 246
111 321 259
298 322 883
218 323 542
32 324 185
132 325 503
57 326 674
217 327 982
37 328 279
136 329 583
253 330 672
310 331 547
64 332 665
88 333 823
200 334 366
178 335 36
71 336 504
277 337 31
103 338 736
168 339 257
64 340 291
305 341 122
105 342 534
134 343 250
168 344 948
273 345 680
77 346 894
310 347 110
22 348 946
257 349 468
307 350 336
263 351 172
349 352 432
211 353 486
214 354 800
345 355 421
307 356 5
172 357 746
294 358 79
13 359 704
310 360 891
117 361 71
123 362 347
52 363 797
356 364 664
43 365 209
331 366 243
1 367 274
178 368 472
319 369 56
41 370 756
96 371 305
350 372 336
83 373 423
350 374 110
135 375 16
1 376 788
75 377 454
171 378 376
336 379 567
117 380 450
9 381 512
172 382 864
201 383 318
281 384 165
306 385 469
368 386 307
159 387 861
205 388 4
211 389 337
49 390 683
243 391 2
173 392 352
149 393 588
341 394 276
74 395 366
216 396 809
65 397 744
378 398 766
195 399 32
121 400 234
212 401 518
183 402 414
150 403 721
116 404 368
12 405 737
268 406 341
133 407 230
339 408 775
193 409 600
306 410 439
72 411 585
49 412 421
17 413 33
27 414 310
383 415 56
104 416 37
236 417 361
259 418 365
21 419 269
6 420 893
149 421 933
394 422 725
59 423 484
404 424 120
240 425 684
271 426 747
35 427 832
95 428 373
230 429 874
339 430 575
159 431 783
200 432 342
356 433 759
334 434 399
305 435 873
277 436 754
60 437 606
242 438 194
428 439 229
35 440 324
66 441 95
99 442 870
325 443 931
345 444 90
284 445 133
113 446 970
224 447 819
120 448 326
354 449 1
22 450 85
435 451 277
358 452 464
7 453 501
81 454 133
50 455 679
281 456 34
366 457 993
333 458 968
188 459 618
115 460 475
438 461 201
437 462 391
240 463 917
26 464 37
223 465 277
282 466 478
93 467 281
197 468 479
151 469 960
120 470 717
465 471 963
435 472 3
462 473 298
460 474 762
419 475 686
295 476 537
150 477 606
451 478 525
57 479 118
469 480 930
307 481 77
39 482 427
67 483 597
159 484 894
80 485 393
342 486 915
218 487 730
314 488 855
216 489 66
428 490 228
409 491 301
304 492 691
410 493 172
411 494 85
44 495 140
330 496 102
54 497 487
117 498 803
207 499 386
333 500 677
147 309 342
429 2 567
149 191 925
350 365 325
226 10 616
263 91 327
153 444 270
500 324 379
3 471 661
250 290 635
113 87 974
330 428 944
421 56 629
41 303 388
36 238 966
43 373 602
109 481 852
497 76 878
350 248 241
379 410 376
334 463 170
219 181 900
298 21 30
465 424 332
78 312 277
406 107 724
345 18 237
139 117 12
404 449 972
243 173 404
335 477 505
402 148 8
483 47 781
290 20 247
489 347 190
247 6 214
62 482 899
483 223 674
427 264 603
281 274 748
452 249 280
5 75 179
19 291 50
472 336 540
382 154 417
486 388 36
390 479 381
249 267 510
363 295 275
488 204 484
454 38 683
275 278 770
476 426 328
314 366 574
164 160 436
314 37 428
288 177 791
58 314 485
351 487 913
191 288 781
406 421 819
453 7 879
85 141 464
268 75 862
381 256 554
308 313 936
344 273 599
256 407 303
431 241 82
310 405 514
432 205 687
285 56 153
49 452 423
331 481 883
487 272 867
47 63 920
186 305 704
348 261 351
89 480 369
432 430 636
267 493 451
102 223 311
178 82 688
271 98 617
279 127 406
200 329 226
321 278 131
462 257 589
402 68 352
99 181 41
375 189 925
452 385 137
499 150 784
341 152 608
391 268 663
118 147 971
25 157 381
142 132 732
263 402 710
216 188 954
37 410 917
125 356 775
495 465 528
47 324 723
123 484 290
435 256 267
5 213 913
281 404 123
354 373 857
3 5 973
305 477 232
264 330 469
137 470 941
370 344 184
98 358 408
51 346 141
226 210 501
165 166 318
361 153 292
293 368 774
301 179 618
491 337 490
12 235 739
304 443 296
134 62 108
146 453 81
74 368 725
89 345 341
167 89 892
456 26 577
278 57 341
317 413 182
109 350 453
123 12 617
9 246 703
32 295 321
176 369 64
261 175 162
80 191 164
172 295 469
500 421 149
20 225 238
309 481 148
113 423 536
465 279 753
321 184 864
201 340 323
270 406 615
291 252 148
118 420 403
11 218 736
119 482 751
75 96 531
394 9 934
343 471 842
169 32 291
289 359 558
460 238 944
89 223 612
477 403 486
39 280 474
419 106 192
368 296 330
21 286 124
397 155 874
461 26 55
197 101 501
364 442 83
317 484 377
489 347 482
133 282 388
301 311 6
461 17 380
50 240 409
206 317 932
470 261 637
187 287 110
493 423 29
192 361 401
433 34 734
237 136 876
86 352 497
259 341 149
411 467 488
421 291 715
274 222 791
199 399 281
16 235 809
195 244 502
264 14 310
458 162 531
42 119 190
209 274 189
166 353 609
229 297 311
105 151 498
178 427 659
305 34 339
152 322 544
131 260 346
367 360 614
36 479 913
67 454 841
60 402 831
366 465 253
365 282 144
163 353 576
328 348 236
307 250 685
157 72 831
490 252 403
124 162 315
352 178 885
253 170 312
499 42 165
70 179 226
444 50 243
301 368 787
289 452 58
392 204 659
376 158 910
389 309 450
494 129 490
204 7 203
189 40 854
337 346 403
6 473 403
389 224 682
253 2 352
17 351 643
262 316 938
312 268 717
248 113 535
357 148 223
235 102 339
116 227 160
365 342 1000
393 105 329
449 269 711
71 248 374
42 44 901
53 476 272
232 203 879
399 95 989
448 466 134
352 333 951
416 117 519
192 34 172
423 87 634
110 134 730
377 258 268
391 499 232
344 240 812
287 296 566
419 40 208
78 181 15
364 93 196
309 194 232
59 128 286
5 201 868
444 450 403
40 242 536
282 269 122
353 12 772
294 480 955
72 225 726
240 52 955
255 50 95
368 191 223
111 371 12
432 289 611
243 49 290
210 166 95
194 78 126
38 400 334
466 79 580
129 93 719
306 213 519
33 137 890
301 472 39
9 430 929
378 113 670
102 337 495
147 356 576
439 206 376
30 167 16
249 195 47
173 436 618
24 409 695
228 409 758
463 494 896
164 79 903
369 349 554
439 490 281
32 175 943
124 59 359
244 84 603
110 183 277
331 54 551
231 275 862
341 24 583
418 460 635
311 484 419
120 364 193
309 463 355
327 155 251
171 156 137
4 199 192
487 350 33
319 167 209
236 255 832
81 190 273
264 261 80
16 156 269
357 441 115
109 419 323
453 168 531
311 25 393
99 133 238
230 432 506
103 245 745
445 30 262
243 266 193
88 296 523
363 279 613
165 24 608
166 343 659
390 500 527
209 133 655
98 58 275
275 325 249
149 250 268
10 394 347
19 5 31 159 136 182 297 59 269 180 71 141 113 46 104 6 15 215 22 284 
10 4 170 238 143 299 56 236 67 277 128 
24 47 54 50 287 37 220 4 24 245 217 194 168 269 41 215 243 281 59 273 90 75 150 177 178 
24 12 271 300 234 77 29 134 274 280 37 243 257 86 189 203 191 254 65 225 233 32 53 279 238 
42 147 237 121 104 123 5 221 177 196 25 8 120 186 45 286 57 24 35 146 84 227 88 91 79 257 160 178 291 245 203 81 100 89 223 183 173 64 127 270 149 241 92 
37 4 136 120 285 188 158 214 71 260 96 199 201 166 247 160 204 149 181 21 150 134 254 80 56 242 46 104 124 14 244 116 245 215 87 206 161 256 
19 147 252 299 233 117 188 292 189 115 192 107 151 272 229 247 65 33 206 3 
19 197 226 109 92 126 152 180 286 199 142 253 35 119 294 138 169 40 258 246 
47 137 89 290 279 295 116 281 163 3 106 285 112 187 212 192 193 248 8 223 213 103 265 280 58 250 97 115 40 113 2 269 249 236 247 142 46 81 91 182 188 186 9 47 270 189 228 55 
8 1 99 244 146 284 151 6 39 
13 77 269 108 177 178 117 155 221 280 112 208 171 22 
22 240 102 40 204 74 62 206 160 104 172 200 225 243 63 248 44 239 126 144 50 5 141 
28 111 233 244 63 14 294 273 83 33 260 74 205 25 107 174 293 113 178 258 13 207 31 38 180 8 49 153 164 
28 294 31 15 73 274 288 150 262 293 53 101 137 24 140 163 161 242 44 70 95 208 275 52 154 247 210 3 46 
34 26 194 246 68 207 69 127 113 261 257 181 53 50 252 23 229 151 235 7 17 14 112 19 159 63 119 176 110 244 31 189 173 215 187 
41 174 22 222 196 278 142 118 89 127 288 157 269 24 162 141 243 271 290 80 300 252 223 63 262 94 254 187 57 81 82 17 122 299 23 198 87 104 99 138 61 46 
26 174 190 171 67 224 51 84 34 226 176 115 57 149 124 217 299 22 228 96 30 249 255 111 28 235 189 
36 252 69 228 17 279 58 134 267 70 168 197 161 165 29 176 300 81 181 227 170 146 142 140 196 200 296 286 219 75 266 37 62 148 265 76 290 
33 28 94 13 179 150 181 222 227 147 9 267 134 102 273 200 19 34 194 79 265 36 167 93 74 33 159 177 157 257 65 195 132 231 
37 93 194 229 208 125 211 215 84 280 118 113 166 239 9 262 20 37 293 76 143 140 32 163 54 29 172 184 154 106 25 282 177 213 95 8 2 233 
19 295 15 99 139 236 255 48 224 286 59 27 68 260 39 284 187 10 61 222 
19 128 161 85 109 278 287 96 180 74 145 16 65 215 132 231 143 146 30 183 
40 206 269 4 99 15 140 161 41 236 149 114 86 271 237 29 218 180 35 141 248 260 296 81 183 100 267 246 75 207 190 87 211 106 3 157 65 110 176 214 222 
11 18 276 6 64 15 242 169 239 143 100 131 
27 14 118 90 6 58 159 163 203 26 160 141 294 102 258 123 4 280 209 247 63 290 3 85 21 288 142 18 
46 113 99 158 210 194 156 104 227 45 111 43 293 85 173 178 14 71 7 118 116 273 247 145 96 78 166 265 216 172 292 214 42 107 59 201 87 202 15 6 105 291 69 235 290 203 128 
46 123 181 134 226 174 5 50 158 259 115 270 28 279 141 185 255 258 118 58 113 284 256 275 69 114 190 184 26 71 176 219 229 220 153 40 91 100 281 108 6 224 86 206 159 148 104 
4 38 152 178 73 
4 34 113 254 38 
27 198 251 142 271 121 257 47 4 283 286 242 123 154 57 114 261 67 95 11 270 78 208 300 247 294 139 32 
38 89 154 74 277 282 164 136 249 32 146 194 153 106 14 115 185 124 133 15 76 207 178 213 236 66 110 117 272 278 82 193 241 255 274 118 43 181 54 
10 287 268 82 145 202 53 183 21 150 2 
8 44 203 14 70 3 239 267 15 
10 171 249 47 148 115 131 52 137 291 182 
24 67 207 157 175 89 3 58 127 218 246 64 118 139 88 115 51 199 13 285 222 78 244 238 189 
2 216 34 
27 135 53 197 271 245 94 91 124 272 274 253 16 259 193 160 149 95 69 167 50 84 241 147 255 23 122 267 
19 3 289 167 116 163 93 252 274 98 4 283 34 67 124 49 253 290 13 176 
33 109 53 264 75 61 151 140 123 82 37 12 248 242 172 142 15 83 213 130 252 182 119 212 8 141 215 282 251 152 297 84 239 107 
22 95 293 136 188 146 271 35 268 99 242 5 163 64 192 132 147 23 15 128 300 223 26 
2 255 199 
44 290 219 85 144 81 170 101 143 8 255 191 164 180 158 34 212 86 91 243 268 283 270 183 116 38 190 245 247 43 223 37 157 275 118 10 109 194 99 40 75 161 132 154 260 
39 41 279 223 39 121 175 90 137 74 138 174 113 202 208 98 150 56 50 213 78 194 2 24 107 166 82 16 231 124 177 255 233 250 291 25 49 153 206 54 
43 114 150 88 34 107 53 215 286 48 292 249 11 212 63 127 165 1 253 135 111 237 145 40 166 115 77 30 151 6 250 138 27 10 96 257 216 242 113 20 267 229 192 12 
49 262 274 165 34 179 280 6 185 23 48 191 44 214 265 235 166 67 232 70 2 10 144 13 169 72 145 244 173 174 231 273 259 213 207 215 249 40 258 281 146 49 196 9 195 123 241 183 64 187 
18 153 110 103 211 67 166 69 140 150 228 104 217 28 102 147 235 141 8 
24 52 256 282 173 246 132 179 46 298 171 257 88 230 192 83 219 111 297 237 112 191 129 23 184 
50 74 159 193 158 79 188 179 41 197 110 219 85 23 228 232 182 49 80 200 192 16 81 233 286 141 167 236 269 241 27 178 100 126 61 287 248 148 136 249 240 202 203 296 111 65 25 171 259 142 107 
44 173 187 288 165 276 127 41 244 206 196 193 38 220 257 69 113 15 132 227 285 98 125 107 94 290 164 284 223 82 31 18 169 251 240 256 97 116 268 99 275 172 35 67 258 
21 151 23 78 281 77 259 124 107 16 112 194 5 289 134 92 224 69 172 264 52 287 
16 50 49 69 231 202 164 53 28 288 277 224 129 133 174 116 239 
44 241 213 117 201 169 3 216 243 165 147 295 223 4 36 211 285 24 229 85 218 76 186 180 121 1 155 72 261 142 265 249 10 262 162 19 68 66 245 50 253 14 292 100 2 
4 35 222 14 249 
31 201 164 238 181 282 128 73 251 6 197 192 107 188 53 125 248 278 105 51 62 57 137 124 211 9 80 69 155 213 168 173 
2 275 77 
5 263 291 169 163 159 
46 100 298 79 82 294 253 144 8 77 146 111 147 243 281 217 158 205 53 32 195 178 86 238 176 274 4 193 125 174 235 23 173 254 212 290 177 10 5 228 117 236 185 50 157 55 103 
30 247 278 186 17 76 3 194 47 48 6 234 172 201 80 122 271 163 242 231 5 282 148 275 64 78 15 173 75 218 267 
19 112 193 141 244 191 104 160 295 3 252 284 16 202 283 40 100 256 285 272 
20 280 257 67 125 106 255 239 62 264 128 65 240 160 292 102 152 30 271 274 10 
16 132 36 177 236 98 150 259 106 175 231 136 141 82 286 185 284 
9 228 46 149 222 169 253 138 192 179 
25 219 129 115 9 232 63 161 75 293 33 198 155 153 132 28 252 276 78 169 288 224 127 131 143 278 
27 7 278 232 266 111 261 290 165 210 187 265 110 287 180 155 21 289 4 100 2 241 222 97 272 92 67 59 
37 23 148 154 276 156 17 127 178 139 39 162 112 252 8 232 296 107 282 180 98 201 258 261 234 167 33 108 248 122 73 134 76 267 168 179 226 87 
27 241 119 168 170 34 236 248 285 239 129 133 286 174 273 24 36 237 283 297 197 109 155 145 226 108 265 191 
46 32 17 61 165 166 196 87 195 222 298 106 33 238 145 80 97 148 76 6 131 296 105 81 279 187 74 226 245 7 216 114 113 286 259 171 125 18 291 208 142 132 199 3 242 277 210 
8 34 239 232 100 55 89 228 287 
32 135 237 189 259 108 54 104 71 52 209 195 66 157 94 102 150 80 37 242 282 7 287 163 293 141 168 154 294 256 229 61 186 
9 122 244 130 128 117 208 169 283 223 
17 13 204 184 181 40 208 218 10 216 161 187 32 190 286 4 111 98 
23 89 84 132 162 277 261 149 166 68 282 210 75 20 121 56 22 209 147 268 100 243 240 193 
24 165 212 158 251 155 247 10 236 107 197 108 202 256 80 39 217 22 6 293 143 228 245 284 112 
40 24 226 214 157 243 284 108 111 13 300 239 174 188 199 139 148 275 107 282 217 208 85 151 127 251 227 38 216 19 143 92 192 253 86 193 233 212 145 41 277 
39 59 262 119 178 21 47 122 141 167 245 295 109 129 246 145 272 64 25 8 268 186 156 95 287 229 58 24 184 54 106 162 144 28 93 300 5 220 39 298 
37 181 91 175 179 7 238 93 213 113 37 169 55 120 108 21 82 77 157 80 182 105 144 174 253 294 204 133 89 178 272 286 67 188 45 69 2 257 
23 146 298 138 214 107 49 124 280 210 287 72 181 244 31 192 30 105 172 251 92 199 266 44 
8 65 184 124 257 213 232 181 168 
22 166 79 179 76 148 18 42 125 193 263 190 250 63 22 215 112 238 81 75 144 97 90 
49 198 124 68 182 53 103 36 121 42 193 87 143 120 220 54 92 76 200 13 156 203 81 296 95 62 20 219 154 123 133 11 165 148 34 19 149 31 207 283 232 257 159 263 150 106 151 194 297 117 
34 165 199 75 167 149 206 218 52 277 182 115 224 176 221 129 90 143 184 171 169 252 204 163 195 89 141 177 84 209 289 11 267 74 185 
49 17 43 254 268 107 213 291 137 109 274 114 182 185 124 108 199 13 272 174 261 138 269 119 129 152 142 65 214 2 276 220 165 82 34 285 235 155 131 139 14 195 197 76 130 63 198 111 297 219 
41 92 131 55 80 103 99 278 162 163 218 180 216 72 264 16 88 250 87 195 182 20 132 126 123 179 281 114 224 154 217 101 79 273 70 245 203 178 1 212 59 78 
7 4 215 185 83 290 178 283 
22 88 160 125 85 113 167 91 288 231 38 12 164 261 220 103 11 64 56 27 126 150 162 
23 47 159 246 230 198 276 27 58 50 194 135 292 16 201 93 43 243 192 291 36 44 186 253 
16 92 117 273 289 267 173 253 140 269 174 23 34 6 158 219 93 
40 133 228 34 38 299 244 23 135 157 45 130 78 92 250 15 178 138 126 176 190 256 298 281 232 132 106 28 199 236 229 167 4 151 280 273 84 247 65 180 231 
38 254 246 29 176 244 121 178 56 172 259 179 78 226 242 21 236 71 139 77 26 186 95 272 11 155 40 72 97 36 89 103 193 101 165 217 286 196 208 
1 110 
14 8 7 266 117 208 131 265 99 133 177 253 144 221 112 
48 211 65 160 169 152 254 135 27 207 83 224 199 19 119 22 144 227 205 294 209 118 24 255 126 163 232 149 190 236 147 299 293 251 256 142 17 210 197 187 134 96 202 133 53 87 231 42 21 
17 64 84 43 197 245 90 286 253 212 258 73 12 2 252 32 85 181 
38 227 25 8 249 21 2 186 205 169 194 230 228 171 116 120 229 96 178 93 217 84 45 226 11 95 46 268 211 115 29 177 17 283 188 64 197 102 291 
25 92 140 235 143 230 292 192 272 213 3 144 59 216 52 169 128 81 6 57 120 132 124 150 22 282 
8 97 39 31 283 176 17 135 223 
11 227 145 270 225 61 199 22 183 124 266 65 
41 60 237 239 151 76 91 6 130 153 103 176 36 161 205 25 259 107 61 14 297 238 16 123 211 56 228 298 113 67 78 81 23 19 3 4 40 99 196 158 233 223 
12 122 186 292 38 183 222 93 196 162 15 204 108 
27 158 175 296 234 146 230 114 276 52 267 99 166 13 170 30 235 11 219 169 185 96 125 196 84 207 141 157 
29 200 284 78 277 174 2 112 155 224 24 136 193 125 231 97 238 33 142 207 6 162 286 220 282 197 192 221 139 295 
22 279 230 154 90 278 85 24 210 226 258 270 112 101 21 61 271 35 182 241 138 277 28 
31 116 120 44 258 141 131 110 209 24 28 11 155 158 101 168 130 250 107 33 247 169 240 104 246 103 41 159 214 260 184 231 
45 21 46 182 13 137 209 8 241 184 98 231 135 152 33 268 239 230 47 103 180 119 163 58 49 76 16 262 6 143 291 183 114 78 237 140 289 50 107 3 166 287 174 141 190 213 
29 244 125 10 299 208 16 20 207 246 170 82 221 214 129 161 157 63 36 84 283 38 218 79 37 285 105 225 147 98 
10 148 105 207 71 242 13 184 114 45 217 
45 276 286 75 266 103 204 22 114 62 66 284 166 281 73 283 88 260 44 195 53 104 15 32 208 233 220 207 29 249 30 157 299 186 273 163 257 222 262 36 3 43 241 170 37 113 
23 3 193 289 182 241 191 74 64 221 265 32 52 121 170 177 255 291 203 2 178 27 261 152 
10 185 66 268 246 266 55 219 222 254 141 
9 142 151 147 78 199 92 180 256 15 
16 233 194 20 231 173 229 178 25 134 180 44 206 47 66 82 57 
24 132 125 270 58 266 224 68 211 229 80 17 50 135 18 38 115 210 89 284 291 177 261 236 204 
10 11 159 196 44 244 202 81 294 137 192 
36 110 234 135 107 79 259 167 214 227 293 263 36 159 34 131 60 231 246 209 138 282 124 233 119 173 31 208 226 145 126 223 265 262 261 104 91 
34 47 190 30 4 200 136 156 251 219 216 28 255 180 64 133 285 89 53 158 178 134 151 258 292 73 218 166 168 56 261 71 135 273 85 
9 296 50 93 117 273 285 112 136 291 
5 297 116 251 98 23 
16 277 292 192 5 119 298 261 284 174 193 221 19 285 190 180 239 
19 239 229 186 183 119 145 171 188 215 40 147 205 219 133 66 45 48 250 271 
38 106 215 176 199 264 162 258 143 36 209 217 21 242 180 46 28 187 233 78 93 19 183 225 179 103 11 216 191 275 261 231 127 39 48 243 107 207 50 
16 138 217 88 93 47 208 248 122 69 255 288 75 187 292 54 17 
26 282 160 281 6 180 270 189 27 136 129 59 239 67 198 254 88 165 244 151 168 103 39 65 25 271 121 
43 134 75 245 277 29 78 217 162 3 248 144 151 21 156 229 208 296 55 223 203 159 222 293 225 79 152 100 176 221 10 48 122 290 73 276 2 82 269 206 142 257 154 197 
40 127 261 146 161 147 164 47 220 1 118 297 103 60 109 298 195 212 190 133 134 49 124 243 222 182 284 256 274 242 193 130 166 206 106 216 194 153 259 188 30 
50 254 134 207 198 223 199 180 42 249 244 181 299 148 256 71 286 277 116 95 22 173 290 31 250 260 74 237 78 2 192 126 97 99 232 166 76 193 202 224 56 128 91 93 19 96 292 83 246 112 49 
28 180 182 26 291 217 205 67 114 72 161 159 251 273 270 184 87 229 247 292 6 173 300 123 17 98 77 162 297 
8 298 164 75 184 167 35 5 204 
6 237 68 161 35 127 130 
8 263 58 53 35 153 248 265 262 
9 209 131 214 270 199 159 239 279 163 
44 208 25 84 241 270 161 108 254 16 111 64 169 147 215 109 94 103 181 129 220 287 78 211 188 17 36 261 106 167 180 68 70 39 263 51 124 144 3 213 127 119 253 264 230 
16 51 267 143 204 249 265 113 229 212 5 37 31 151 222 123 243 
4 21 22 287 154 
20 258 188 42 221 84 26 295 292 141 134 230 169 160 50 67 257 142 167 186 287 
39 23 163 102 226 288 68 217 80 181 82 1 228 271 146 67 88 130 73 227 199 208 61 21 219 15 62 16 108 300 129 14 101 276 83 69 168 119 44 270 
9 268 42 169 133 240 196 241 179 15 
8 209 263 211 252 191 175 22 93 
8 94 158 48 76 184 154 270 235 
22 212 181 49 155 69 83 246 165 245 174 289 168 28 266 273 188 226 45 285 180 60 253 
29 283 63 80 224 61 290 105 274 39 49 144 99 86 171 149 70 289 143 225 42 93 203 6 147 20 163 243 169 185 
25 131 41 69 292 282 92 76 275 167 189 13 2 21 186 50 156 12 216 15 174 35 79 157 197 192 
12 221 139 287 58 284 240 251 113 151 70 100 286 
28 171 23 186 161 30 51 174 136 79 143 77 192 160 95 222 50 204 217 190 151 24 165 187 269 67 138 6 100 
48 266 287 116 87 195 15 224 12 260 218 92 176 72 153 3 263 49 290 198 143 280 89 278 158 140 183 80 286 24 127 56 10 13 222 27 299 270 54 292 57 129 112 2 179 151 68 25 264 
20 183 242 107 130 9 268 37 249 96 139 251 179 166 264 21 102 12 230 101 144 
44 34 127 242 60 53 293 129 163 212 277 31 199 69 290 54 42 168 206 114 102 125 40 144 221 240 80 18 5 100 167 57 273 162 248 44 56 250 236 79 8 14 208 48 90 
15 82 153 3 160 53 19 274 151 126 204 110 10 188 76 1 
9 16 21 36 45 42 117 207 259 291 
33 2 168 199 54 135 273 138 240 237 277 231 236 255 296 260 55 233 272 155 293 11 25 92 151 10 106 3 84 110 109 117 150 252 
6 143 10 63 208 217 127 
26 265 243 230 23 267 102 167 34 92 210 194 240 121 133 297 282 9 43 40 84 139 75 66 193 217 278 
27 71 7 150 248 252 67 33 78 58 155 76 297 215 210 60 234 282 61 286 140 70 20 133 166 42 173 274 
44 195 285 209 53 129 260 2 12 218 123 69 61 220 245 300 284 46 235 243 241 155 32 193 248 279 259 256 216 67 164 269 100 63 270 173 20 290 157 114 252 127 3 124 115 
42 294 41 256 10 95 22 251 197 254 183 161 278 279 54 245 42 32 295 29 40 146 12 135 168 250 140 284 34 116 258 86 220 52 155 121 276 60 246 255 28 33 252 
46 204 223 72 280 95 34 278 266 237 59 66 265 190 179 71 260 15 40 175 177 170 6 139 57 81 296 277 124 24 153 230 261 8 192 269 203 14 86 273 291 10 22 239 294 251 54 
28 30 254 63 92 45 36 7 8 194 175 167 142 47 257 57 266 84 255 18 225 55 286 71 91 212 28 264 240 
36 3 166 115 147 217 172 86 65 139 53 223 9 164 132 30 20 168 31 96 215 6 12 23 220 237 253 192 163 42 127 218 70 187 142 143 203 
12 254 235 233 173 149 199 54 300 147 160 220 212 
48 112 59 299 23 254 269 68 113 87 15 200 173 28 140 196 214 67 72 248 290 41 277 8 232 132 92 287 202 148 3 110 238 184 131 116 169 60 35 42 52 45 6 151 31 94 17 283 223 
5 129 204 103 227 256 
31 80 223 262 224 208 25 30 206 46 129 126 213 52 232 178 11 62 151 12 142 221 286 269 112 8 53 218 128 27 292 238 
11 178 212 168 300 137 267 172 46 214 259 12 
18 109 27 138 259 107 266 155 244 111 281 56 243 187 152 172 77 288 14 
8 266 235 49 41 126 39 207 128 
13 173 189 93 81 89 159 58 80 175 143 68 258 244 
9 113 167 149 174 250 41 105 117 106 
9 274 175 295 248 65 39 28 270 252 
38 83 238 85 271 70 184 210 12 136 140 106 269 60 91 292 167 30 258 153 42 149 92 66 15 201 178 159 224 45 260 281 114 20 78 295 160 240 99 
45 295 181 58 209 101 170 1 285 106 194 175 240 233 24 189 83 141 70 48 269 244 49 293 264 180 133 54 220 231 218 43 96 135 225 230 50 35 272 89 51 211 226 153 235 117 
47 224 194 94 100 52 87 257 268 46 40 223 209 56 47 266 138 120 84 265 110 299 129 163 206 278 240 79 290 297 287 134 234 17 131 225 90 8 80 187 99 103 5 74 239 270 236 7 
8 108 250 39 192 65 286 151 212 
11 109 79 117 137 248 44 224 183 14 260 188 
39 245 218 61 108 5 44 256 165 132 149 233 171 66 30 214 40 125 67 224 240 180 78 31 271 11 219 186 91 290 103 152 183 237 172 197 22 102 291 17 
21 16 12 138 189 65 188 300 285 211 200 109 112 209 46 8 181 113 43 136 154 135 
10 178 50 200 96 213 27 192 112 101 137 
19 174 219 262 134 250 68 119 125 285 193 205 103 232 133 228 64 236 254 189 
5 176 171 236 139 257 
45 163 263 33 228 188 253 224 153 223 25 236 14 18 255 142 29 225 23 121 232 6 44 178 211 30 269 139 217 95 251 181 299 94 166 100 36 124 85 155 74 56 13 55 165 122 
37 103 12 247 90 237 164 144 250 16 42 54 273 80 129 271 11 36 151 206 211 177 256 191 51 193 75 67 189 217 195 160 281 4 15 154 37 5 
3 5 282 216 
21 159 74 48 128 297 212 262 87 53 14 236 289 91 288 18 248 255 260 150 38 173 
24 217 6 124 80 210 123 3 140 54 118 142 5 153 216 169 78 176 260 85 199 66 127 159 62 
17 57 228 182 211 215 233 281 98 277 274 65 254 150 261 208 85 168 
11 55 219 79 45 225 142 70 174 223 295 198 
48 241 76 205 240 231 43 52 220 243 135 105 90 184 285 196 185 92 254 96 247 62 55 280 27 195 209 47 245 234 143 177 291 261 128 207 28 246 137 292 109 94 259 197 236 277 34 276 244 
48 102 268 293 57 248 35 155 262 171 159 116 200 90 221 137 265 298 5 77 61 86 188 115 163 183 133 247 83 235 8 54 234 82 49 112 281 217 100 59 25 154 236 140 208 56 153 19 249 
17 143 2 246 106 88 219 17 199 94 136 278 204 13 244 170 134 150 
50 66 139 111 292 267 56 60 93 92 260 290 204 245 164 210 268 22 254 285 44 179 252 117 114 86 185 6 169 157 125 126 39 155 269 128 97 80 9 78 103 233 251 209 108 281 26 140 41 91 242 
34 286 190 134 263 229 284 273 212 109 143 12 204 275 95 8 123 270 177 27 290 65 97 152 86 211 159 88 38 150 228 69 87 163 172 
8 230 199 64 245 130 259 39 228 
38 203 30 216 169 51 32 214 189 50 182 258 180 263 264 114 117 240 13 208 162 250 103 80 20 188 178 290 71 59 252 221 140 2 8 257 90 35 187 
27 289 139 51 269 148 33 158 129 154 90 207 167 15 241 67 212 130 62 258 100 121 210 93 109 169 261 182 
7 53 187 3 97 107 122 88 
44 283 166 234 95 253 47 21 180 262 19 233 49 84 51 289 7 163 46 67 16 266 206 143 123 22 103 231 100 274 182 147 298 156 291 88 68 239 186 170 208 178 20 221 243 
49 159 81 49 186 64 217 106 22 98 90 165 144 185 208 189 95 62 40 297 263 284 120 180 135 105 249 119 290 190 300 154 270 101 35 115 267 296 265 9 157 251 187 58 34 172 18 227 182 16 
46 170 117 278 3 177 164 70 83 57 174 42 273 79 123 245 263 120 275 121 93 276 214 33 225 45 172 283 178 229 231 254 299 15 230 58 24 201 64 16 21 6 274 146 246 136 19 
36 93 83 221 287 169 229 100 148 150 69 175 57 16 237 167 233 49 145 300 30 36 166 257 259 55 278 218 262 217 170 105 61 189 113 230 118 
3 51 22 286 
1 42 
14 101 62 20 288 128 123 247 222 190 270 223 151 8 194 
43 89 18 49 143 30 198 299 93 75 153 262 168 170 26 67 208 152 149 246 35 124 71 242 63 105 107 80 224 239 215 37 292 270 44 45 104 158 253 69 261 234 180 233 
11 40 228 142 156 136 154 282 199 131 125 9 
45 72 51 155 154 57 230 192 190 26 91 49 202 264 20 10 24 76 92 156 110 65 59 165 106 187 263 298 150 222 142 281 60 3 292 214 9 48 283 46 22 198 128 19 168 272 
48 174 46 157 222 18 60 204 131 273 260 32 255 53 109 21 253 168 197 62 73 276 237 27 13 193 81 294 212 202 139 68 86 207 45 265 184 257 98 242 39 200 107 170 30 284 232 206 10 
17 297 208 144 244 6 105 52 246 277 160 26 162 209 257 165 195 74 
19 236 240 39 99 241 238 90 251 270 58 234 91 114 185 125 183 152 18 288 
33 218 124 168 80 108 229 50 57 290 14 211 40 156 8 285 140 56 289 192 181 97 131 100 188 30 282 73 284 33 221 204 72 245 
1 142 
13 150 22 59 70 123 264 277 53 260 16 188 27 162 
37 80 91 148 119 93 263 123 183 94 271 259 293 286 82 19 101 198 11 30 63 140 157 230 247 277 138 257 97 50 182 114 58 253 121 7 43 232 
2 153 271 
13 193 16 239 200 113 72 283 45 247 40 267 280 202 
40 77 163 48 192 256 207 208 124 117 43 214 240 56 125 146 281 235 131 269 121 185 129 271 170 206 295 250 137 272 106 297 251 29 298 65 26 248 267 299 290 
43 176 178 53 152 256 261 123 273 21 224 27 160 120 12 40 59 114 47 165 46 297 266 275 9 279 206 22 71 250 294 226 65 194 192 35 60 251 276 195 268 82 107 89 
27 39 30 180 136 74 266 280 69 26 123 13 261 51 246 157 300 277 128 102 162 284 63 38 83 4 163 199 
39 271 118 141 145 161 105 221 203 293 179 55 11 274 23 94 58 270 153 184 47 78 215 158 96 120 99 260 127 261 13 259 275 17 240 142 174 126 43 238 
19 211 27 65 141 217 292 176 8 70 21 280 138 74 112 278 33 88 149 285 
37 91 161 77 81 68 110 158 175 269 293 75 31 134 73 115 298 7 250 164 261 103 188 198 139 135 221 202 207 118 152 60 277 204 87 25 14 184 
47 77 16 106 239 240 90 88 159 291 183 257 118 170 12 200 78 55 165 114 82 133 205 242 35 287 245 44 147 252 208 178 204 264 81 128 53 113 134 47 295 73 224 285 266 141 251 267 
18 254 119 161 87 5 32 238 230 183 150 206 243 272 83 239 72 99 288 
15 155 43 109 147 129 253 62 234 146 195 90 262 127 236 256 
23 194 66 59 96 290 214 103 57 130 14 115 80 257 88 217 276 28 135 118 289 199 2 37 
2 234 279 
32 37 89 83 18 209 297 193 65 28 213 58 291 130 135 264 109 74 68 48 38 199 106 111 208 227 267 2 56 64 54 245 14 
21 91 26 153 223 246 285 165 171 225 159 288 160 28 230 158 108 53 177 135 174 10 
41 157 213 75 145 242 100 172 96 170 23 34 278 282 8 126 269 89 275 36 166 51 63 21 30 218 295 46 117 248 61 277 180 280 77 54 297 240 82 150 66 124 
9 300 247 214 126 111 5 203 194 169 
24 269 23 95 15 101 85 294 223 148 209 6 8 166 176 67 17 64 58 49 9 283 129 38 65 
24 203 272 52 93 133 60 80 88 33 161 219 130 125 210 74 194 109 196 232 98 150 87 12 24 
13 83 32 81 42 27 21 107 117 232 268 240 51 155 
40 133 174 117 255 128 138 116 155 13 23 121 300 97 88 194 78 53 103 11 144 90 21 250 137 111 158 271 81 112 76 260 190 209 2 283 185 262 92 142 147 
35 14 69 232 64 21 53 279 176 3 185 158 72 280 49 186 229 270 162 48 250 144 65 47 173 201 225 240 236 231 28 117 291 165 77 272 
39 66 11 215 161 81 245 54 212 156 114 48 140 35 190 181 118 49 172 34 88 167 3 270 207 243 222 263 240 194 293 268 258 144 135 196 219 277 247 191 
46 266 118 65 178 33 204 191 233 37 181 35 40 296 225 6 110 216 53 135 228 2 272 220 126 215 85 28 261 295 241 173 95 89 120 52 132 139 99 63 200 18 97 230 229 17 169 
21 238 174 45 172 189 173 56 148 92 211 277 54 179 4 232 286 171 285 29 167 28 
29 261 109 124 115 244 145 72 9 204 235 288 163 76 185 48 294 19 213 286 96 6 81 174 195 107 239 12 168 211 
7 134 298 176 132 141 19 239 
29 192 138 255 131 184 77 157 177 99 136 108 18 263 170 28 134 53 62 297 79 1 85 201 11 256 246 245 107 147 
43 135 144 181 280 140 186 60 35 78 183 228 192 40 149 189 166 25 23 217 229 250 56 85 74 279 273 65 147 112 141 42 203 31 118 44 39 230 262 276 210 231 53 119 
6 58 162 202 155 271 177 
37 174 139 260 290 120 209 79 267 84 108 170 18 151 163 93 116 111 210 202 246 268 122 213 35 62 212 292 95 144 280 287 240 146 169 133 172 245 
30 7 281 123 24 187 183 73 160 95 153 78 141 70 197 270 30 102 130 299 47 12 259 262 201 98 192 40 60 205 204 
15 47 299 244 245 277 295 189 49 133 199 154 46 100 298 293 
10 219 73 88 174 169 70 207 102 168 288 
30 201 291 59 83 4 298 187 241 240 166 189 244 273 158 68 95 175 6 194 288 70 138 228 231 26 245 282 214 33 278 
9 164 141 134 197 139 121 104 119 102 
14 273 280 222 269 104 56 207 161 21 143 145 286 136 57 
20 284 249 121 237 264 35 220 90 159 96 40 194 187 181 200 228 129 10 147 217 
19 9 262 18 187 299 205 131 77 253 41 47 228 70 261 105 281 90 219 49 
14 30 36 24 119 171 107 68 183 101 202 267 2 61 257 
5 95 232 5 208 220 
6 53 204 270 48 130 108 
42 64 220 163 49 56 18 82 43 34 146 77 84 208 254 279 112 226 278 171 255 276 111 213 97 36 170 71 31 139 160 234 91 26 119 37 164 284 238 134 100 191 81 
40 218 13 248 63 127 193 169 94 140 187 117 5 87 270 245 189 34 159 170 48 168 143 240 105 275 278 108 191 246 37 60 131 100 233 7 132 249 53 157 133 
26 54 20 202 280 289 284 39 186 277 240 46 147 193 37 245 294 204 218 183 177 293 31 181 68 81 102 
32 13 225 139 241 67 142 266 133 237 280 104 157 284 64 300 47 245 19 229 158 209 52 124 163 148 10 287 28 261 11 214 206 
32 147 31 268 116 239 293 50 51 164 121 123 227 191 89 157 114 208 188 193 20 53 175 247 21 27 113 4 296 245 23 66 167 
11 165 287 273 259 194 71 251 219 164 93 137 
10 184 83 71 61 221 50 259 256 277 39 
43 277 190 294 120 98 24 214 147 297 290 55 82 264 78 195 5 268 249 104 99 169 242 167 121 102 278 276 90 191 258 73 161 84 106 15 88 175 236 263 145 241 75 188 
1 96 
32 180 146 33 98 12 25 80 31 154 84 273 185 40 160 276 194 137 235 226 48 81 94 198 225 233 139 265 266 161 95 288 151 
36 64 12 276 93 188 47 115 255 177 80 155 50 227 5 85 160 194 167 157 3 101 154 221 238 232 24 298 184 243 26 141 102 200 121 11 146 
19 104 102 136 299 250 193 194 84 220 285 96 200 141 97 283 71 44 126 265 
25 224 261 6 267 231 169 279 34 122 172 232 17 284 183 32 92 189 49 110 4 102 297 98 221 132 
10 122 57 245 272 192 17 217 296 59 123 
1 218 
32 117 92 192 151 123 297 30 189 193 105 86 222 40 14 183 150 25 221 113 164 8 212 272 224 2 229 170 132 243 266 106 201 
5 42 62 239 86 159 
30 12 110 246 29 35 160 61 164 71 55 90 221 92 118 127 234 66 140 290 276 131 6 189 102 54 279 100 13 205 212 
10 182 81 271 290 126 262 129 153 152 120 
8 130 211 108 98 106 66 161 284 
33 158 137 214 127 102 187 202 84 131 291 36 155 251 103 160 28 98 267 282 300 191 79 208 185 247 27 204 249 296 91 75 206 132 
22 42 145 172 156 195 202 210 105 149 218 84 296 243 234 24 63 83 259 257 271 191 194 
1 272 
30 106 122 61 265 12 119 208 105 43 143 189 65 200 212 42 125 215 298 240 238 11 156 279 182 13 296 226 245 174 15 
6 226 81 217 106 270 75 
40 276 94 221 108 183 284 286 213 19 236 215 147 199 292 82 65 167 134 135 154 242 129 240 13 5 287 254 72 49 80 181 91 63 114 275 278 274 6 146 29 
15 128 215 126 235 147 75 177 99 62 223 183 290 238 71 236 
32 65 83 152 298 157 28 188 183 142 252 182 19 232 168 230 82 32 98 223 187 164 129 297 229 192 128 109 201 166 253 137 258 
2 68 293 
22 153 14 260 275 216 247 270 288 11 227 127 272 156 182 2 243 135 78 68 162 108 126 
48 201 46 153 16 151 175 276 281 215 177 95 182 30 294 114 58 20 107 11 173 198 10 209 155 152 208 73 96 12 78 146 124 218 284 4 260 290 233 169 141 45 143 289 39 293 68 127 121 
15 274 133 39 20 161 227 220 267 152 141 144 127 137 110 186 
50 188 228 199 266 250 249 79 151 271 253 259 177 294 189 288 149 103 4 143 152 221 32 174 225 93 51 69 24 11 102 85 186 40 82 113 20 172 17 162 192 184 119 89 105 10 14 170 258 92 150 
28 127 157 163 102 165 172 210 175 220 244 203 205 80 75 7 19 108 88 103 146 229 218 50 123 289 17 261 144 
1 41 
47 225 244 190 137 57 90 156 212 105 241 209 177 187 135 285 233 136 265 237 249 146 257 76 28 160 7 16 89 30 17 260 195 108 150 48 59 120 268 161 219 162 170 245 288 192 292 149 
3 221 244 159 
13 194 214 284 157 268 242 238 55 166 196 259 80 248 
30 239 114 174 177 112 200 89 43 130 48 282 67 66 237 3 266 79 32 131 188 56 162 292 201 295 143 33 96 215 107 
33 69 17 243 147 9 120 94 172 160 5 214 224 109 123 79 161 18 149 267 73 295 27 234 260 261 238 199 275 265 237 126 231 47 
7 300 54 142 86 185 138 146 
4 77 158 275 260 
28 60 259 2 115 31 112 121 292 135 177 102 194 123 75 257 169 210 199 33 50 151 234 273 32 140 52 204 180 
35 160 13 268 171 42 267 14 41 59 79 87 22 157 83 207 38 201 258 81 76 293 108 16 286 180 173 238 242 287 218 33 51 212 161 279 
48 82 96 46 68 48 277 286 116 60 275 228 170 101 119 165 32 134 225 166 220 219 18 234 217 264 4 63 9 37 294 11 2 87 273 207 256 69 67 61 125 229 233 172 106 179 188 241 114 
38 237 210 211 283 260 140 36 232 154 76 190 83 65 116 168 58 29 173 4 30 253 195 91 194 103 41 297 132 6 226 257 148 236 224 114 229 230 54 
17 222 214 112 89 42 177 17 93 274 8 32 51 231 48 138 184 143 
3 247 86 75 
48 27 210 294 46 243 246 231 233 272 20 165 250 160 22 216 259 240 208 226 57 72 141 31 7 136 145 264 104 225 195 211 169 177 34 171 268 30 253 52 94 217 112 138 298 227 131 83 188 
45 278 178 220 9 168 289 245 133 227 233 269 3 165 127 53 146 118 35 92 181 51 86 137 67 256 54 258 216 5 274 234 229 50 153 271 65 74 10 266 205 238 196 214 140 1 
44 162 221 12 204 110 90 87 235 181 287 156 22 161 169 76 52 284 149 282 83 216 15 129 236 35 234 227 112 147 171 123 191 170 248 94 20 98 88 298 124 168 245 62 278 
36 70 169 57 11 93 293 287 167 181 229 59 56 201 164 122 144 200 124 13 278 99 74 166 143 106 134 94 68 173 108 131 132 236 240 292 228 
16 262 36 114 176 147 99 102 230 168 51 75 194 69 289 136 268 
6 146 101 184 272 161 116 
23 287 70 243 190 252 130 41 96 136 280 79 180 284 172 229 296 94 278 293 156 87 188 247 
24 166 227 161 80 83 8 9 242 90 287 293 206 185 16 299 269 91 285 137 140 175 38 222 210 
46 139 146 124 162 3 58 102 177 158 179 188 44 216 169 157 257 22 127 299 59 42 14 140 51 246 229 258 172 178 274 21 25 211 234 52 148 122 66 117 193 17 239 143 111 138 191 
5 170 85 4 137 20 
6 169 245 1 61 187 300 
2 220 53 
20 229 170 83 126 255 149 11 226 49 88 153 274 156 182 212 233 146 122 213 53 
20 190 92 196 159 264 266 93 151 16 230 111 56 99 74 226 102 280 240 146 283 
43 251 236 266 108 144 202 98 150 198 238 51 63 117 154 247 192 42 22 78 54 174 248 214 254 28 158 73 276 263 228 281 215 227 2 178 105 253 126 280 229 50 118 43 
21 157 138 163 233 280 70 67 71 164 84 19 116 203 256 151 120 130 221 87 176 14 
47 46 186 290 64 111 37 7 104 1 258 268 217 66 22 105 38 175 157 247 75 110 42 34 206 184 31 197 233 84 240 145 67 143 205 164 93 10 209 36 168 21 26 263 96 159 122 2 
23 256 253 172 41 291 290 83 127 284 191 257 135 214 111 218 112 255 215 31 52 87 24 141 
45 15 274 66 159 217 233 278 242 180 65 41 22 33 176 269 39 172 87 99 200 17 276 6 234 51 139 37 48 284 277 90 92 89 299 266 20 288 149 207 67 21 184 210 181 174 
6 211 144 258 54 231 17 
12 299 263 44 182 280 86 229 291 254 187 29 118 
38 246 29 84 253 266 240 182 143 147 107 3 89 273 258 239 249 124 149 237 205 217 232 298 154 81 50 231 254 40 123 27 30 1 8 159 69 296 145 
6 98 155 254 236 282 47 
35 68 275 286 236 271 260 79 74 145 9 132 237 64 248 119 121 188 112 292 230 280 66 238 110 202 208 293 130 20 89 43 235 108 87 5 
28 159 257 269 218 104 291 143 38 134 122 172 126 74 256 227 144 178 96 272 290 235 70 44 265 32 18 246 297 
47 187 87 72 215 139 177 176 172 159 141 277 1 251 74 247 102 147 272 19 200 109 63 216 6 7 203 162 190 294 55 88 195 62 105 184 24 185 213 94 83 35 69 86 182 65 255 11 
44 290 139 172 8 251 273 204 86 143 37 142 27 117 25 176 50 68 183 152 94 7 114 45 277 200 207 132 294 35 78 122 43 168 65 262 98 134 185 173 83 80 148 150 213 
13 33 94 80 127 47 96 255 17 89 229 25 27 173 
8 215 278 24 145 28 66 220 75 
17 237 167 77 238 59 288 100 28 220 240 41 252 26 134 132 184 92 
18 276 233 223 294 40 289 258 274 245 254 175 90 224 166 111 29 117 228 
10 272 132 283 25 108 111 18 243 60 240 
46 191 195 201 257 130 200 293 96 36 178 108 150 289 166 117 42 120 95 207 151 268 154 87 148 213 202 177 58 30 157 185 55 280 158 184 13 63 163 252 50 143 102 136 170 253 243 
42 68 184 282 18 290 20 216 185 75 173 201 62 96 141 89 97 203 69 116 226 144 41 45 34 292 16 236 259 165 229 59 275 57 284 170 51 132 274 234 213 124 90 
17 94 16 18 245 40 87 209 172 211 297 275 300 274 56 31 227 262 
18 225 181 44 182 177 69 84 284 101 286 85 58 224 298 45 281 163 24 
20 170 294 178 222 77 280 186 161 286 103 240 165 20 271 196 152 120 4 97 48 
48 231 54 93 294 226 234 12 290 216 109 242 2 223 40 45 148 44 147 173 143 160 172 245 46 161 285 239 26 177 30 81 199 196 236 98 250 258 267 300 288 202 238 75 168 158 200 206 41 
19 130 93 167 197 35 41 164 276 155 109 40 47 230 285 188 32 91 4 157 
22 277 186 1 77 201 43 263 241 123 284 274 133 53 84 20 162 245 219 209 92 272 19 
21 277 266 129 45 246 212 183 32 184 130 65 101 90 252 256 282 43 265 182 167 46 
39 217 52 87 130 102 195 268 140 44 111 192 129 213 38 70 53 197 91 265 158 258 47 203 178 39 205 239 137 272 101 251 155 256 299 115 207 267 79 146 
11 200 36 250 39 85 207 3 69 180 48 35 
9 183 84 147 136 288 269 26 155 10 
28 113 220 179 92 136 262 287 176 165 211 30 161 242 26 21 240 143 223 271 102 48 110 9 119 280 33 145 7 
47 245 198 137 185 291 238 251 180 54 38 177 219 170 157 201 130 22 209 296 35 102 298 154 164 218 191 87 178 167 192 197 20 70 61 59 213 128 43 101 69 135 6 233 4 12 258 253 
40 47 142 287 130 249 137 57 263 232 183 44 236 286 262 268 99 124 121 162 173 213 167 7 289 159 19 294 191 15 246 73 83 228 40 210 85 257 279 158 78 
42 139 194 59 79 2 256 181 262 206 265 3 296 99 47 69 123 76 182 150 220 269 288 20 215 8 75 258 233 97 142 27 226 212 72 211 93 246 13 67 19 169 252 
47 171 191 180 193 173 83 288 151 5 232 89 215 105 209 55 52 17 247 233 155 272 240 239 261 107 90 186 128 175 28 241 96 26 265 145 172 11 245 122 231 36 289 25 296 212 42 27 
24 62 282 143 234 197 57 113 216 52 141 7 251 109 34 61 33 40 241 23 139 151 210 13 4 
13 219 119 23 59 222 10 213 214 167 189 247 250 246 
31 255 171 133 67 298 275 274 73 81 293 22 196 237 163 156 245 117 70 50 289 181 226 142 297 129 59 218 194 159 260 173 
31 82 113 138 178 187 173 170 32 75 193 252 89 60 190 116 87 1 17 114 213 145 197 37 103 83 150 291 255 80 132 67 
23 265 94 200 288 101 208 32 248 181 57 185 106 294 144 163 67 66 255 227 133 297 177 153 
20 215 31 163 126 95 240 3 29 68 94 221 18 115 7 101 62 223 11 142 280 
50 290 158 22 106 184 262 60 92 33 188 255 298 248 90 236 99 211 181 138 39 185 222 102 220 59 268 198 64 235 274 115 165 278 206 56 202 58 261 299 242 87 78 132 210 73 53 233 8 190 118 
50 189 132 62 275 294 180 75 273 236 224 179 187 50 241 191 152 110 259 52 154 262 194 163 58 233 181 197 2 175 196 22 93 8 6 59 210 19 119 133 125 226 213 131 288 300 195 54 173 228 227 
17 189 114 213 95 273 120 192 20 78 102 185 53 74 139 249 248 228 
38 95 277 7 13 158 74 175 49 228 129 56 211 150 103 76 146 173 89 193 292 31 153 71 198 10 115 43 232 137 165 203 206 69 45 114 41 102 269 
19 52 36 114 39 105 13 249 149 197 94 286 28 140 196 220 186 296 158 178 
10 218 239 140 181 51 169 206 64 122 186 
9 1 185 70 10 32 149 108 76 160 
25 1 121 210 217 60 124 262 9 278 125 297 82 230 103 191 195 36 25 179 112 20 222 219 67 264 
35 290 199 269 250 283 58 146 201 87 257 261 218 114 157 168 198 200 35 245 42 170 237 180 293 78 177 91 143 187 97 287 236 101 18 189 
36 185 58 266 6 144 84 175 102 80 202 204 86 105 131 60 35 3 239 235 225 186 96 263 153 21 124 273 152 253 233 38 94 256 177 293 37 
6 250 106 70 199 213 109 
16 182 158 269 88 266 50 242 231 191 248 217 51 285 105 73 83 
14 115 187 118 176 248 149 229 237 134 217 136 121 232 251 
43 87 86 247 178 233 168 112 215 12 28 209 18 216 206 40 19 300 225 173 73 8 259 132 153 187 156 241 117 165 212 230 152 203 218 162 150 31 102 245 223 96 166 273 
40 269 53 231 98 260 204 228 191 207 31 210 137 174 1 278 179 275 107 143 50 9 133 222 131 225 216 153 154 247 46 218 262 251 54 205 178 189 194 40 200 
6 185 268 4 245 289 152 
34 42 5 104 278 126 22 54 140 69 31 33 251 170 196 25 291 221 95 286 72 177 123 52 82 68 73 137 1 56 11 67 180 48 44 
5 42 56 245 120 93 
39 197 143 11 231 53 189 204 121 287 263 226 90 155 1 252 5 116 125 230 16 223 136 97 152 33 171 273 101 278 285 272 186 210 28 201 213 217 86 59 
38 297 33 120 287 224 161 181 2 168 111 238 260 31 94 70 157 37 114 263 46 221 28 90 177 209 32 205 113 128 83 232 126 153 40 206 204 245 35 
8 41 31 189 217 181 144 95 1 
3 244 281 203 
11 128 80 271 127 32 129 199 26 220 255 259 
49 295 172 208 102 93 130 116 87 9 260 169 207 109 10 268 214 161 60 79 35 285 183 282 139 219 180 47 267 4 3 41 222 115 202 153 59 199 256 150 132 43 178 284 14 8 198 154 105 57 
9 23 39 295 8 157 270 241 150 297 
16 168 228 14 297 44 31 92 144 29 113 223 88 41 252 57 148 
26 105 19 93 38 123 258 270 298 55 219 252 112 10 211 186 6 192 181 234 242 114 109 231 21 79 288 
48 141 257 2 266 64 243 245 46 133 107 15 87 278 205 182 176 116 21 40 96 240 198 289 262 84 250 152 52 134 4 159 59 28 29 273 192 187 67 234 169 74 113 13 93 220 8 227 212 
29 59 13 31 223 289 5 235 52 193 272 225 167 44 82 204 32 174 50 210 208 291 69 19 260 284 155 224 57 298 
40 289 300 285 201 54 8 108 171 222 145 248 116 173 55 126 83 157 34 6 138 187 169 242 283 139 68 230 219 95 22 265 247 118 12 143 206 77 290 64 133 
49 50 17 82 268 204 62 114 39 59 269 208 63 34 153 127 199 274 262 164 260 14 245 22 72 297 284 162 184 95 221 202 156 200 281 293 146 38 84 152 157 49 76 150 299 226 11 67 212 215 
37 96 288 269 197 60 248 150 265 7 76 33 20 66 94 25 73 299 243 46 238 79 42 93 4 246 117 158 232 162 190 183 53 151 28 273 100 142 
11 37 44 159 108 298 75 135 116 123 170 33 
14 242 211 31 297 145 97 300 101 53 87 279 252 166 236 
16 195 94 222 62 39 144 298 9 20 240 95 235 129 104 22 110 
49 212 110 91 62 6 179 265 37 8 201 235 54 3 190 252 41 225 267 105 273 61 87 287 93 18 196 198 4 221 291 200 281 47 126 151 203 269 270 149 259 130 280 258 256 264 66 158 136 266 
46 105 287 88 300 278 182 52 201 283 45 284 69 193 142 37 54 139 218 123 254 140 3 251 153 6 211 26 285 130 154 120 67 42 8 215 164 188 80 56 159 29 260 14 249 100 288 
36 287 162 270 135 20 44 226 17 146 158 99 204 151 229 249 261 266 3 214 169 235 227 269 234 49 273 14 128 108 206 115 31 165 219 83 61 
39 240 178 71 205 75 79 138 38 88 123 219 196 73 174 16 52 127 154 44 248 137 166 299 61 9 67 184 189 17 53 165 297 210 4 281 206 41 229 295 
5 157 93 223 140 288 
15 278 161 94 223 295 165 245 263 147 27 150 269 176 268 139 
13 293 23 174 161 259 26 160 50 19 241 281 133 38 
39 75 210 53 55 252 219 83 77 286 228 263 194 65 62 50 206 36 146 160 279 116 67 126 44 87 42 200 24 250 269 16 101 120 201 64 170 9 54 145 
21 76 96 90 226 262 14 137 87 234 263 259 19 242 144 27 228 188 175 83 244 80 
8 203 275 65 12 116 19 192 234 
7 220 30 198 47 57 182 192 
4 245 179 36 257 
35 167 263 222 256 52 278 7 268 178 274 180 61 121 92 139 300 96 125 56 66 127 89 68 276 193 120 200 237 57 109 174 106 53 90 143 
29 80 54 231 62 155 246 134 91 236 136 82 117 271 212 78 85 159 26 199 218 105 32 144 46 203 68 201 250 19 
30 276 94 85 272 200 163 65 47 173 76 140 165 213 119 36 75 2 130 69 60 126 206 64 71 16 49 259 81 210 91 
21 208 206 96 232 2 31 148 30 35 125 265 65 255 122 124 190 229 205 192 111 74 
38 285 42 212 19 230 154 233 189 127 188 152 192 218 182 199 101 259 121 23 271 273 204 196 268 99 191 20 49 284 105 92 161 177 222 180 202 25 107 
32 248 74 66 35 62 187 82 81 5 153 7 224 72 148 43 41 254 77 126 100 141 129 167 14 160 209 68 299 177 110 89 201 
33 20 293 228 33 135 94 105 1 214 270 257 51 197 23 198 187 45 231 136 15 246 83 115 61 119 64 195 77 274 297 248 54 295 
31 27 245 271 112 279 264 90 227 165 33 286 196 147 182 36 71 214 276 14 42 197 177 67 203 300 194 242 124 278 58 49 
24 158 235 294 48 99 285 275 165 247 139 47 56 142 221 4 299 297 229 236 127 64 41 51 121 
48 44 107 38 85 291 229 215 184 159 90 51 104 210 176 75 177 164 117 201 97 103 95 105 227 278 98 16 279 24 260 19 39 294 37 113 231 53 9 43 148 99 298 91 262 23 129 116 112 
38 125 141 46 78 89 109 107 277 50 196 254 81 71 42 70 214 269 69 168 179 91 95 202 239 228 36 118 266 237 112 298 245 175 236 111 63 9 295 
24 296 199 97 187 270 106 135 114 33 20 210 129 205 272 102 246 133 166 190 59 215 283 241 235 
18 271 248 116 38 28 6 124 10 72 166 255 111 169 107 144 272 158 97 
9 50 264 43 166 234 275 242 58 55 
4 189 128 182 78 
20 104 109 186 36 97 141 282 172 254 75 33 145 130 267 243 284 55 13 292 228 
7 151 82 270 146 190 79 227 
38 155 77 160 286 2 264 238 39 239 235 82 4 35 164 97 289 242 145 294 150 63 166 252 142 297 127 254 126 300 144 118 136 90 275 85 256 231 83 
2 54 300 
19 21 135 290 197 273 208 31 97 187 274 32 8 264 122 57 145 55 272 144 
26 121 70 234 287 153 16 60 181 74 106 261 211 298 297 162 279 133 92 164 120 291 69 53 285 188 49 
46 30 196 141 128 245 153 49 43 6 187 10 14 263 218 35 228 63 297 242 135 151 118 230 293 281 55 140 81 148 265 94 160 111 225 78 16 45 186 59 195 79 287 200 204 88 95 
6 110 56 291 217 100 55 
2 255 73 
34 225 101 83 96 46 133 277 9 159 179 81 135 117 176 223 80 55 220 118 190 169 19 215 293 38 88 285 227 1 149 157 278 212 90 
41 153 266 212 285 217 151 155 265 269 294 246 176 141 188 103 119 132 101 173 83 12 257 8 298 93 159 292 210 121 140 180 138 107 198 86 142 2 76 51 95 172 
27 178 100 274 238 285 174 195 69 240 181 150 60 107 271 158 26 99 231 115 269 220 281 6 192 89 259 145 
17 181 11 240 153 223 211 21 202 121 173 220 232 297 132 226 22 192 
18 251 32 66 11 117 207 286 192 243 177 100 140 59 73 215 6 151 137 
43 287 206 295 189 71 149 173 34 89 25 130 159 284 263 15 291 9 280 182 261 91 219 33 251 5 217 236 161 12 163 269 53 18 108 234 120 80 273 264 275 51 192 66 
33 158 164 55 257 295 216 224 58 114 254 98 239 211 145 109 8 180 110 237 108 208 93 118 122 177 157 119 79 168 17 16 123 112 
40 48 21 111 243 113 200 162 181 170 244 171 256 280 250 201 290 226 117 145 298 33 37 68 186 65 185 211 105 43 9 193 294 38 92 248 41 215 69 31 188 
26 169 174 216 175 236 75 44 30 48 185 159 83 298 252 13 62 283 293 115 231 39 144 189 295 194 135 
41 264 239 175 11 83 67 206 240 276 111 265 39 90 188 245 174 250 232 128 299 236 87 84 238 19 165 233 56 131 209 36 298 268 43 241 200 53 18 22 80 102 
16 121 72 164 42 194 26 162 34 108 54 228 123 293 220 139 288 
48 132 227 220 13 239 92 260 212 152 26 172 240 62 272 141 269 160 295 230 144 28 134 21 58 52 193 48 73 87 286 146 228 275 68 214 251 248 100 201 218 120 53 200 292 121 226 215 247 
1 190 
39 94 97 194 67 109 244 203 181 253 206 98 96 120 87 188 3 73 290 19 151 80 200 135 273 76 198 234 174 173 296 101 195 216 193 136 247 232 138 280 
41 123 32 156 77 166 268 279 239 200 17 289 80 64 94 56 10 181 116 180 229 110 57 197 192 150 65 299 218 213 71 89 73 109 148 225 204 107 170 1 177 234 
5 29 63 24 124 104 
40 75 65 127 72 171 245 69 177 48 109 285 102 263 137 210 25 286 11 242 117 217 298 170 275 233 111 94 168 78 208 101 88 52 15 281 50 31 6 125 58 
11 55 223 221 26 268 16 23 11 298 90 92 
47 49 134 110 152 42 214 272 148 36 265 220 83 51 202 123 200 254 185 194 108 229 94 299 81 260 288 171 147 233 263 34 242 182 47 55 257 181 56 120 4 103 69 282 30 2 43 28 
16 232 71 164 17 94 32 100 36 236 82 258 108 195 138 146 9 
34 283 157 58 76 247 128 119 258 139 183 160 281 39 296 207 74 90 32 112 272 35 153 159 158 186 271 288 234 252 72 154 226 6 240 
36 98 106 14 118 296 299 138 31 209 166 165 172 151 56 46 72 20 2 234 218 206 295 159 74 215 197 96 202 88 171 252 91 28 281 148 102 
4 224 10 115 14 
46 299 203 167 19 147 7 75 163 300 144 251 228 241 102 87 233 172 201 16 258 266 226 98 5 88 124 150 231 213 27 114 155 249 162 285 194 257 189 202 277 168 246 127 250 191 83 
33 21 31 272 257 183 70 232 53 110 162 190 62 95 221 87 270 60 297 206 141 59 69 106 246 169 286 44 28 189 204 118 101 79 
17 140 230 247 27 123 32 214 15 170 143 264 29 74 246 258 296 211 
37 160 286 156 262 76 43 192 12 131 29 158 9 40 218 50 171 222 268 169 106 276 5 48 294 4 11 157 148 277 173 3 226 280 30 130 207 2 
41 185 181 270 248 69 250 187 36 197 125 55 171 52 254 184 67 241 244 256 191 290 40 42 49 159 295 162 288 5 88 146 265 281 83 164 175 143 22 238 72 230 
26 65 168 226 201 157 149 41 119 217 86 285 297 131 247 202 104 36 50 195 100 114 90 222 25 248 29 
31 33 82 287 209 191 169 21 268 217 92 147 177 25 214 118 278 181 47 127 107 206 81 139 114 183 104 224 44 144 193 269 
23 219 30 238 56 70 94 265 281 131 252 286 179 236 155 199 297 234 98 16 227 249 135 164 
2 147 19 
32 78 19 178 48 214 251 59 230 127 263 291 18 300 12 194 229 281 99 213 227 202 45 247 237 68 135 94 272 161 36 232 3 
46 126 91 145 121 255 221 214 238 288 67 7 84 6 229 258 51 266 256 108 30 85 196 281 53 249 241 189 171 268 257 210 168 63 21 26 262 207 253 14 50 156 25 79 205 110 208 
13 239 296 207 290 43 202 84 64 235 285 212 226 14 
10 219 246 180 41 20 208 71 162 212 132 
2 201 209 
30 208 76 139 263 91 228 103 144 47 69 207 84 214 60 33 148 248 159 92 184 113 169 264 212 45 98 152 46 15 176 
13 136 204 264 138 93 22 198 8 223 279 173 116 122 
36 167 272 63 27 249 193 198 113 114 49 176 245 228 75 183 256 266 229 139 194 105 43 227 246 106 238 166 154 31 100 199 189 243 121 92 72 
38 169 271 92 288 33 89 205 48 53 233 144 30 218 261 182 194 137 238 152 25 208 224 243 221 58 168 13 10 148 299 81 259 158 70 219 149 80 251 
33 155 261 293 251 209 133 16 108 35 178 26 165 295 12 282 208 72 124 27 234 34 28 134 65 213 50 70 202 160 226 185 53 56 
47 9 16 159 64 139 15 269 40 12 45 182 82 187 70 220 203 196 213 39 242 42 96 222 122 76 277 8 166 72 119 271 73 215 258 167 127 19 300 67 140 123 4 280 17 3 41 282 
45 124 5 241 257 47 106 40 178 266 211 184 114 72 271 163 116 75 113 39 204 50 245 277 263 132 182 174 237 100 84 123 243 188 148 157 281 254 228 53 145 122 291 118 77 143 
13 123 3 109 157 96 283 266 290 248 193 70 250 260 
45 57 66 229 245 93 293 242 267 32 90 65 152 182 46 204 249 50 129 291 69 35 236 8 235 115 126 107 176 148 114 139 262 91 238 286 20 79 127 190 30 74 266 280 186 63 
24 180 115 264 107 274 38 143 163 198 155 159 39 248 152 188 30 111 195 72 78 216 133 292 202 
35 34 281 50 61 299 174 19 81 215 226 149 44 273 14 167 31 234 125 270 3 62 287 46 115 204 247 152 93 142 291 169 29 77 243 205 
28 73 110 100 226 89 158 45 262 67 103 208 132 189 74 9 181 22 150 50 246 19 220 243 95 133 188 238 177 
20 125 298 289 119 246 234 138 248 251 116 11 188 203 60 80 124 36 169 63 142 
49 169 298 57 75 44 182 233 111 181 113 269 42 62 257 217 94 185 76 8 101 39 267 151 239 128 47 274 172 163 248 203 142 215 184 80 253 286 164 273 77 89 17 235 32 293 126 227 71 88 
4 198 160 110 58 
8 182 50 146 79 245 76 7 137 
9 161 177 226 261 69 298 39 22 287 
23 217 206 269 241 207 62 246 2 1 147 18 208 149 296 65 117 248 254 27 231 88 14 41 
31 21 147 103 38 288 104 30 110 115 188 76 183 210 292 67 218 275 230 73 265 234 273 148 9 276 16 199 8 285 219 10 
36 14 142 112 68 98 6 285 271 154 177 19 48 84 77 5 75 58 173 215 4 7 44 42 258 155 18 56 72 117 94 225 156 2 196 21 203 
40 67 127 81 82 85 200 12 162 38 145 126 64 196 173 54 55 146 225 233 298 209 73 255 159 118 46 122 236 25 150 7 20 299 135 101 216 77 23 229 277 
44 203 30 144 233 135 118 278 141 149 210 79 140 245 129 224 251 269 103 204 64 270 147 194 136 88 205 151 19 130 5 101 236 227 266 196 182 211 284 275 93 252 131 74 105 
5 77 258 148 151 59 
19 219 97 54 166 135 123 272 200 15 258 82 296 52 10 279 13 103 205 160 
17 245 186 47 209 35 17 82 237 110 286 74 216 183 147 167 155 248 
23 181 101 272 195 211 95 197 93 256 61 202 187 179 157 265 6 59 297 11 37 75 155 298 
42 130 141 60 25 98 174 38 213 254 84 9 45 105 6 104 204 21 20 274 176 177 90 267 158 88 253 256 28 228 198 107 117 209 12 68 294 292 41 214 101 257 23 
6 171 226 18 204 8 5 
43 76 131 256 81 101 9 196 222 54 268 124 175 278 282 109 28 271 47 231 20 177 156 195 211 66 208 141 24 84 57 182 69 3 254 267 240 198 158 255 298 88 146 223 
25 232 118 34 16 60 159 5 222 101 21 228 126 266 292 288 105 219 173 43 75 268 141 33 257 45 
19 10 244 139 140 145 29 94 53 241 237 133 112 91 162 6 113 292 42 173 
45 258 187 299 108 189 98 90 32 151 52 256 149 53 105 126 65 101 70 113 134 10 298 176 88 210 44 45 260 265 171 220 300 156 174 277 2 199 179 290 160 297 226 64 6 110 
23 173 195 228 3 24 132 149 214 49 123 220 76 158 225 26 130 42 271 37 105 141 86 55 
29 30 211 136 262 237 209 188 64 206 118 181 161 208 197 193 156 297 180 142 24 123 102 137 50 77 70 204 245 37 
50 66 89 36 15 121 127 256 289 219 221 297 214 104 141 204 51 216 93 160 224 38 159 207 269 4 191 278 284 213 169 246 16 92 212 217 222 57 83 48 286 165 56 114 184 22 118 78 195 227 95 
50 34 25 285 153 21 7 160 279 38 252 265 163 61 222 166 14 193 13 229 110 228 284 53 130 196 227 99 223 270 217 282 152 68 184 293 180 158 288 156 47 50 260 85 22 297 240 75 119 77 230 
1 230 
