100 154
1 2 227
2 3 65
3 4 531
4 5 991
4 6 546
6 7 904
1 8 787
1 9 696
8 10 600
2 11 553
11 12 239
8 13 999
5 14 811
10 15 578
7 16 872
1 17 536
14 18 102
12 19 882
6 20 66
17 21 512
15 22 9
18 23 902
14 24 647
1 25 841
17 26 344
10 27 541
17 28 788
16 29 617
8 30 728
21 31 718
3 32 554
29 33 835
23 34 453
26 35 252
9 36 998
36 37 588
18 38 510
20 39 921
33 40 130
2 41 287
30 42 103
8 43 456
17 44 434
9 45 746
43 46 335
13 47 97
20 48 103
13 49 751
35 50 680
8 51 249
42 52 144
30 53 20
32 54 865
22 55 152
35 56 564
11 57 819
41 58 303
21 59 873
17 60 977
52 61 115
4 62 623
40 63 101
47 64 216
9 65 221
45 66 766
29 67 952
17 68 54
5 69 535
62 70 10
21 71 403
56 72 316
44 73 684
9 74 254
53 75 448
74 76 256
1 77 450
4 78 706
17 79 889
18 80 394
73 81 803
42 82 816
5 83 58
59 84 320
50 85 789
41 86 232
66 87 490
31 88 955
85 89 59
7 90 621
23 91 78
50 92 544
9 93 105
57 94 814
46 95 934
11 96 808
70 97 524
36 98 590
60 99 502
8 100 736
77 46 135
63 42 208
47 3 89
93 24 503
53 99 42
6 64 802
55 49 69
26 33 582
32 98 797
12 100 785
84 36 829
22 3 699
26 24 766
20 80 249
92 1 931
73 31 969
73 66 565
23 12 69
72 97 212
85 38 946
30 15 548
71 77 349
78 87 959
82 78 763
34 85 150
3 33 194
50 18 494
36 18 23
26 76 381
62 88 623
51 73 760
19 44 179
49 80 480
54 43 922
14 15 61
67 44 227
61 59 772
3 51 236
79 74 650
49 91 907
1 67 681
8 60 165
27 91 775
56 24 728
58 64 800
20 55 484
1 52 391
79 26 592
100 16 226
21 69 582
48 70 263
82 50 423
30 11 204
98 41 597
37 24 561
0 
0 
0 
0 
0 
0 
0 
0 
0 
0 
0 
0 
0 
0 
0 
0 
0 
0 
0 
0 
0 
0 
0 
0 
0 
0 
0 
0 
0 
0 
0 
0 
0 
0 
0 
0 
0 
0 
0 
0 
0 
0 
0 
0 
0 
0 
0 
0 
0 
0 
0 
0 
0 
0 
0 
0 
0 
0 
0 
0 
0 
0 
0 
0 
0 
0 
0 
0 
0 
0 
0 
0 
0 
0 
0 
0 
0 
0 
0 
0 
0 
0 
0 
0 
0 
0 
0 
0 
0 
0 
0 
0 
0 
0 
0 
0 
0 
0 
0 
0 
