500 832
1 2 67
2 3 457
1 4 636
1 5 321
2 6 678
2 7 152
3 8 326
2 9 624
7 10 238
3 11 151
4 12 935
5 13 169
9 14 393
8 15 268
3 16 737
13 17 562
16 18 609
2 19 76
16 20 638
5 21 516
13 22 879
19 23 852
16 24 545
11 25 133
22 26 107
6 27 283
7 28 814
8 29 207
26 30 548
26 31 205
22 32 950
6 33 624
15 34 710
21 35 130
9 36 716
9 37 856
13 38 423
23 39 476
4 40 258
14 41 325
27 42 330
9 43 293
20 44 637
11 45 90
28 46 149
28 47 143
14 48 372
37 49 555
15 50 122
33 51 250
2 52 245
52 53 195
4 54 169
34 55 114
44 56 960
35 57 991
28 58 596
48 59 151
35 60 907
22 61 665
10 62 905
18 63 587
56 64 476
34 65 989
46 66 700
29 67 902
26 68 90
60 69 607
46 70 611
43 71 149
33 72 868
58 73 299
65 74 696
19 75 583
5 76 616
20 77 763
2 78 403
31 79 103
73 80 526
69 81 237
8 82 709
7 83 149
56 84 906
23 85 379
55 86 653
33 87 333
65 88 990
67 89 705
37 90 135
10 91 687
10 92 853
26 93 594
79 94 96
62 95 861
4 96 505
21 97 595
14 98 356
13 99 888
66 100 142
94 101 246
17 102 841
61 103 483
7 104 125
29 105 577
28 106 753
11 107 693
76 108 658
72 109 189
34 110 851
27 111 323
107 112 726
91 113 39
14 114 650
84 115 845
70 116 734
57 117 162
103 118 892
75 119 245
119 120 793
57 121 35
96 122 565
60 123 827
97 124 862
90 125 420
97 126 474
38 127 323
52 128 756
31 129 297
122 130 614
54 131 349
63 132 409
128 133 294
34 134 632
99 135 868
79 136 844
127 137 647
53 138 763
79 139 984
7 140 90
68 141 983
57 142 109
85 143 292
127 144 420
137 145 10
10 146 73
90 147 792
49 148 919
146 149 258
91 150 829
107 151 432
32 152 611
151 153 894
122 154 877
80 155 356
11 156 221
125 157 950
40 158 77
72 159 726
108 160 102
97 161 568
52 162 795
150 163 399
75 164 809
129 165 654
4 166 587
35 167 386
8 168 224
104 169 542
83 170 144
78 171 198
109 172 928
86 173 913
121 174 874
89 175 185
18 176 905
142 177 44
72 178 955
70 179 528
99 180 343
111 181 762
16 182 489
135 183 936
118 184 835
108 185 272
117 186 911
174 187 904
62 188 139
56 189 376
17 190 563
106 191 365
81 192 261
122 193 263
92 194 601
45 195 68
125 196 112
5 197 78
154 198 455
75 199 427
165 200 620
177 201 981
48 202 696
186 203 929
195 204 573
104 205 827
112 206 457
62 207 258
59 208 91
155 209 959
28 210 958
117 211 276
83 212 197
115 213 851
138 214 582
180 215 572
10 216 242
128 217 547
163 218 659
8 219 793
196 220 670
217 221 970
10 222 203
170 223 456
125 224 339
74 225 622
73 226 354
212 227 471
89 228 469
184 229 7
146 230 606
19 231 842
103 232 461
33 233 300
89 234 833
77 235 385
103 236 735
150 237 726
148 238 858
233 239 151
168 240 508
190 241 418
87 242 828
217 243 340
97 244 825
98 245 923
4 246 902
122 247 844
146 248 222
11 249 246
72 250 194
165 251 655
231 252 256
250 253 461
85 254 886
69 255 831
65 256 591
49 257 733
22 258 757
244 259 101
210 260 417
179 261 192
146 262 255
255 263 252
12 264 565
40 265 915
115 266 589
134 267 156
168 268 48
62 269 992
131 270 390
123 271 120
213 272 604
9 273 702
28 274 693
247 275 641
17 276 956
60 277 388
66 278 856
255 279 105
6 280 785
142 281 514
24 282 274
23 283 272
278 284 952
102 285 888
152 286 882
273 287 707
240 288 354
175 289 604
42 290 595
151 291 608
69 292 874
17 293 537
172 294 538
60 295 507
165 296 667
46 297 699
157 298 147
120 299 988
145 300 296
114 301 628
54 302 516
263 303 342
114 304 905
219 305 473
62 306 63
124 307 18
27 308 933
74 309 109
40 310 540
278 311 626
268 312 322
272 313 341
55 314 973
171 315 582
250 316 198
174 317 675
103 318 849
102 319 147
294 320 882
69 321 556
309 322 106
61 323 718
36 324 610
258 325 330
166 326 207
124 327 998
170 328 583
76 329 298
279 330 3
279 331 704
291 332 805
141 333 711
45 334 84
248 335 72
238 336 861
293 337 549
30 338 836
136 339 159
193 340 716
319 341 567
94 342 595
158 343 223
234 344 841
121 345 873
245 346 51
68 347 600
314 348 283
340 349 631
5 350 58
11 351 135
350 352 513
306 353 596
170 354 76
209 355 850
54 356 776
47 357 708
257 358 863
292 359 269
29 360 745
273 361 818
313 362 109
307 363 48
286 364 593
131 365 778
221 366 22
131 367 950
147 368 999
70 369 825
70 370 755
35 371 136
237 372 649
75 373 320
211 374 348
363 375 168
370 376 735
74 377 102
352 378 810
236 379 726
64 380 182
322 381 714
314 382 398
265 383 967
354 384 734
183 385 812
187 386 208
332 387 961
32 388 909
306 389 957
339 390 257
165 391 784
75 392 506
309 393 443
230 394 730
189 395 612
264 396 59
81 397 446
302 398 714
116 399 233
57 400 231
205 401 350
366 402 948
225 403 869
45 404 692
174 405 618
22 406 975
249 407 814
29 408 779
362 409 706
15 410 12
369 411 513
156 412 951
255 413 198
319 414 907
330 415 628
157 416 186
178 417 445
97 418 591
162 419 701
249 420 160
333 421 983
199 422 989
215 423 320
362 424 297
96 425 507
192 426 281
8 427 605
342 428 915
81 429 946
43 430 321
167 431 95
94 432 854
157 433 554
67 434 928
339 435 431
23 436 958
65 437 252
274 438 268
53 439 663
420 440 597
208 441 911
282 442 264
14 443 360
396 444 494
184 445 43
246 446 707
137 447 180
13 448 51
325 449 582
300 450 159
325 451 332
66 452 64
320 453 306
414 454 580
406 455 804
171 456 470
163 457 196
181 458 330
314 459 386
320 460 793
165 461 895
373 462 458
219 463 26
431 464 315
323 465 951
16 466 590
276 467 277
243 468 174
394 469 239
210 470 404
360 471 533
397 472 733
455 473 860
88 474 23
299 475 819
383 476 404
51 477 55
249 478 605
104 479 842
448 480 739
271 481 231
373 482 466
56 483 969
9 484 776
461 485 828
471 486 628
186 487 780
341 488 458
373 489 613
463 490 758
356 491 931
24 492 710
101 493 59
273 494 589
218 495 434
254 496 142
465 497 740
414 498 910
454 499 943
11 500 149
209 343 369
8 464 112
81 446 44
402 127 652
120 29 522
30 392 119
443 418 490
16 433 143
216 480 480
494 105 64
339 35 829
261 119 118
111 488 176
250 406 342
65 496 363
242 297 804
27 419 288
99 341 554
434 159 15
418 52 286
109 326 654
252 160 569
38 461 362
373 305 405
338 37 182
75 290 234
397 482 930
423 364 300
42 72 200
369 301 724
158 59 495
249 109 317
420 482 474
23 305 558
448 155 595
273 63 854
266 464 530
5 81 395
389 147 3
61 462 345
260 478 231
30 481 461
404 442 436
411 152 699
176 342 761
357 460 1000
486 240 727
162 42 636
385 182 726
135 410 122
319 445 16
247 473 712
187 463 87
113 253 944
326 185 284
149 30 61
390 358 922
223 420 611
323 390 18
54 97 134
432 198 601
61 413 813
76 246 163
212 285 382
256 86 579
458 484 398
22 37 397
175 287 216
13 361 698
482 187 187
324 465 92
64 229 222
236 364 5
293 308 169
349 397 179
73 78 799
78 203 551
252 128 261
210 31 26
250 300 422
5 38 512
202 349 383
375 258 952
236 272 544
304 434 11
356 283 79
443 315 235
76 361 45
356 335 128
281 290 287
473 6 14
218 106 162
400 336 739
218 215 651
49 247 491
267 389 549
285 445 780
164 140 734
54 202 593
400 469 219
244 283 993
138 498 311
426 124 575
392 434 822
484 50 434
352 10 547
226 395 186
328 264 641
110 11 491
280 190 555
315 137 428
181 137 544
233 297 159
97 137 832
422 360 902
291 19 859
470 94 691
374 452 830
406 65 776
176 274 276
438 16 1
380 243 6
280 97 830
387 272 664
443 369 702
319 252 328
378 411 773
129 274 458
404 422 7
149 399 527
433 300 502
400 342 773
286 147 671
80 401 662
316 376 595
262 221 777
294 220 981
401 497 188
385 14 689
344 300 722
437 59 276
56 420 395
54 217 429
481 190 669
175 38 242
271 239 199
111 292 658
177 305 475
296 151 534
294 67 900
251 152 329
286 313 634
322 185 36
5 180 904
8 12 554
32 463 353
463 497 27
348 132 10
79 478 635
95 466 868
459 45 481
309 62 969
379 28 550
18 358 368
341 220 902
492 117 218
140 132 248
166 107 376
55 259 710
251 50 308
4 140 96
21 101 737
433 490 51
201 223 837
206 129 477
412 344 882
262 42 170
28 67 66
231 174 348
354 478 943
337 469 469
16 262 466
157 452 504
358 430 279
294 363 330
27 377 580
288 180 378
215 72 444
470 345 930
294 293 409
383 420 187
469 134 427
127 383 565
357 151 108
407 394 872
99 30 924
16 426 299
490 465 193
150 465 726
408 246 722
143 54 982
299 12 587
399 170 687
455 303 190
44 336 871
302 109 481
457 155 116
355 317 393
110 128 487
257 16 786
329 402 275
245 446 88
255 497 104
177 42 88
288 232 235
48 289 564
89 306 578
170 129 795
49 267 206
494 281 658
147 84 378
380 278 783
239 333 335
367 319 135
340 203 912
161 402 760
169 217 708
111 124 863
291 42 233
463 98 651
422 375 942
372 471 576
458 265 61
363 365 632
415 116 918
134 102 250
425 482 81
219 150 7
479 276 610
466 7 993
198 84 496
36 430 103
322 183 153
400 105 469
117 70 262
148 438 102
25 262 484
163 123 120
3 40 541
46 449 469
354 289 278
90 300 681
353 78 20
66 189 931
274 44 238
253 236 345
287 82 781
171 267 364
346 327 938
486 202 347
90 427 750
498 464 970
139 326 366
449 255 48
425 253 738
81 345 212
264 498 118
473 486 659
103 467 937
280 482 102
161 364 16
176 412 362
228 435 870
496 334 153
261 307 565
365 411 614
399 377 751
37 351 619
464 164 698
252 338 307
356 63 579
352 492 754
296 344 779
382 323 475
286 8 487
317 499 732
101 274 79
367 240 63
446 26 794
497 412 57
22 202 386
48 78 576
209 97 882
491 414 533
41 442 727
380 172 372
490 149 406
245 369 792
221 415 789
353 395 828
16 379 910
50 107 71
339 254 412
35 14 68
191 208 648
418 40 304
191 336 504
45 308 555
253 493 61
457 48 601
148 295 117
444 19 230
492 338 883
439 435 657
102 266 763
216 108 735
353 404 860
63 207 611
315 207 604
224 97 884
323 317 103
98 188 671
308 27 980
352 94 180
84 188 342
39 96 339
245 274 777
413 279 900
127 53 824
229 69 530
430 244 76
314 365 202
471 499 689
26 164 3 12 128 92 197 67 35 203 183 267 272 136 79 260 229 64 8 93 78 82 226 286 72 71 170 
20 223 8 110 38 43 156 69 164 72 265 126 134 94 34 293 166 104 218 111 276 
1 157 
17 210 89 129 103 176 162 93 18 25 134 85 297 213 80 294 21 27 
15 191 205 225 36 287 170 1 212 213 38 198 78 28 299 296 
41 201 167 20 124 277 221 120 159 219 294 218 260 237 250 274 31 262 248 136 15 192 149 134 47 7 207 118 138 116 41 79 180 247 285 42 57 13 299 283 165 137 
49 299 289 148 26 209 251 136 249 122 144 213 291 199 130 19 14 255 296 191 270 92 102 227 286 8 226 95 167 33 202 242 13 203 263 279 230 37 70 182 140 173 17 233 143 257 86 275 71 139 
42 272 74 9 146 227 132 119 38 273 213 107 151 141 56 53 202 220 286 148 234 257 46 229 198 54 98 262 240 280 152 275 125 267 261 251 10 124 76 59 298 154 97 
31 252 233 232 57 278 44 41 284 219 154 195 115 166 213 295 80 240 256 107 104 282 290 128 273 111 181 259 236 40 11 127 
13 161 133 3 248 239 277 163 254 202 175 35 144 115 
46 89 147 107 55 83 247 270 170 142 65 300 210 157 100 48 101 241 96 51 186 90 278 198 34 125 229 135 49 44 211 202 217 37 94 39 222 15 105 234 38 14 57 78 266 60 218 
46 133 74 297 152 205 26 163 265 257 189 65 30 130 155 124 122 300 99 259 201 275 151 32 230 42 139 214 95 182 246 247 45 218 176 37 277 24 245 110 270 220 208 190 40 46 267 
3 171 39 207 
47 233 250 171 46 35 68 172 67 18 121 65 84 264 15 134 118 37 76 268 241 129 284 195 212 8 204 16 36 17 231 297 111 27 29 101 6 98 166 91 153 162 38 10 19 116 20 215 
16 22 114 271 298 19 293 165 190 120 63 29 142 85 225 218 228 
36 116 18 89 95 157 212 8 142 244 257 137 225 94 100 190 171 196 287 2 252 29 10 296 279 201 99 213 282 204 84 145 267 202 105 140 30 
37 121 233 279 200 295 22 88 293 241 3 243 225 39 267 271 144 183 180 19 91 40 220 56 169 252 24 226 151 245 99 128 208 18 186 66 150 97 
48 126 207 169 236 172 149 299 68 200 292 92 24 257 234 181 160 4 30 218 113 75 1 108 250 242 182 173 188 238 277 282 10 5 214 209 237 161 153 6 291 106 141 19 56 195 246 119 244 
16 67 170 118 185 243 176 244 35 161 18 86 193 53 276 137 234 
24 175 14 198 47 232 19 149 101 285 66 9 72 133 87 6 258 273 206 143 228 60 220 53 168 
2 140 76 
17 87 168 64 80 223 133 173 100 45 194 158 153 159 142 14 238 283 
18 277 8 138 27 241 104 148 202 166 263 42 120 186 108 258 3 119 64 
11 26 187 211 168 49 100 269 58 219 282 98 
35 150 222 269 295 278 16 2 175 271 127 39 284 65 167 288 57 77 67 75 229 68 243 238 199 78 112 94 202 105 131 241 275 111 157 53 
31 90 217 113 299 213 269 252 27 177 153 249 124 210 196 281 47 152 118 174 266 107 122 187 132 94 247 206 99 248 123 129 
50 294 106 30 48 256 269 105 227 58 194 144 215 44 40 36 21 14 39 216 12 229 71 290 280 77 297 199 260 245 247 240 25 124 142 186 17 289 85 218 131 133 91 189 127 268 141 283 273 202 174 
16 190 34 123 8 80 256 285 115 65 49 50 283 242 64 299 194 
13 265 197 170 48 180 57 219 226 287 70 3 45 157 
24 243 8 31 276 108 213 266 9 18 261 155 122 67 215 232 97 23 299 84 185 259 240 133 247 
9 11 263 134 41 169 51 227 58 243 
9 254 91 285 115 64 105 221 227 261 
16 292 99 103 74 81 87 142 149 159 216 215 191 218 154 156 217 
26 113 172 207 24 282 278 150 190 5 192 151 103 84 39 269 99 82 180 56 147 271 146 108 228 191 260 
24 123 210 172 113 4 47 56 212 267 40 219 17 66 200 208 225 53 39 62 246 37 148 185 176 
15 248 230 122 109 145 100 156 69 73 161 298 222 126 166 204 
49 228 271 240 223 28 113 253 236 148 131 112 50 170 226 154 16 194 77 82 282 130 5 55 208 171 169 10 145 297 20 13 192 183 200 189 117 49 89 123 70 279 205 33 196 187 195 164 191 29 
5 294 280 10 141 97 
31 189 151 222 40 172 158 271 157 187 160 286 98 294 121 59 18 245 64 206 74 279 213 272 283 29 298 278 54 270 114 175 
40 25 148 138 245 65 214 75 192 204 285 11 202 241 134 238 160 293 186 27 171 158 216 147 19 262 68 162 63 141 1 235 281 195 94 157 263 37 273 22 55 
27 31 186 55 249 76 224 13 206 24 4 177 300 271 196 108 48 70 126 27 225 114 260 138 14 125 143 12 
50 177 186 232 142 240 262 141 250 68 86 150 201 104 225 244 12 279 19 91 211 297 174 173 30 9 38 260 29 85 154 110 118 189 242 36 15 96 166 246 125 98 61 234 106 113 204 295 58 153 25 
31 171 216 4 62 183 118 19 287 58 104 170 219 85 149 242 145 161 276 265 8 208 269 237 244 153 10 248 175 76 114 154 
16 4 204 22 128 1 146 139 86 15 183 269 238 104 291 112 229 
2 178 216 
36 8 28 110 94 57 105 117 270 104 264 272 89 253 241 87 3 80 283 156 98 34 151 261 208 107 275 228 163 286 153 131 9 177 85 219 205 
27 297 211 29 174 139 131 162 249 140 117 143 264 158 22 203 19 284 107 49 199 60 170 154 230 242 42 105 
2 99 155 
12 220 189 17 187 38 237 291 111 177 62 60 279 
39 188 186 88 279 23 65 91 165 249 246 99 204 205 260 287 263 255 80 20 230 276 163 159 100 62 247 192 37 19 11 116 185 30 280 275 38 49 109 17 
48 235 270 79 293 156 20 116 163 21 11 297 249 158 199 243 88 76 225 54 51 145 141 62 254 89 107 219 133 244 247 169 71 190 240 132 70 45 242 173 131 245 103 164 209 214 192 217 281 
17 135 296 1 43 110 293 246 36 164 140 39 280 27 212 226 197 241 
47 81 225 288 146 158 13 200 242 119 17 215 127 172 281 123 232 57 217 234 102 163 293 63 35 251 182 269 50 295 239 128 74 218 198 290 105 148 24 116 83 18 60 246 115 87 174 189 
47 27 207 206 33 214 110 117 15 137 158 292 144 8 183 57 80 287 119 211 179 295 230 288 169 264 63 10 269 281 172 199 197 277 32 241 51 236 160 16 67 289 166 216 136 205 138 247 
47 36 276 239 43 284 132 78 300 170 21 116 240 44 139 51 158 237 210 294 154 10 215 244 217 38 172 255 27 277 33 279 138 86 22 150 74 56 248 67 212 54 141 39 231 68 9 113 
30 276 228 199 61 59 126 68 169 87 20 221 151 242 261 241 197 46 254 143 75 83 21 22 274 236 223 94 216 50 93 
15 98 211 38 235 224 4 144 182 264 62 24 252 1 37 196 
35 202 62 3 153 211 262 291 86 53 205 110 144 105 243 227 127 224 177 145 81 299 140 197 161 24 178 31 5 162 249 65 36 124 32 73 
30 74 95 263 154 40 175 26 61 90 177 182 227 170 77 260 110 219 234 4 27 93 57 258 274 55 13 179 150 195 270 
7 183 103 251 202 297 25 27 
17 284 33 266 52 210 9 190 79 285 261 168 44 204 12 36 182 186 
5 159 264 158 9 291 
43 202 66 59 87 184 178 292 9 219 134 182 74 246 14 217 18 83 42 31 90 162 56 13 264 91 203 278 284 111 104 106 179 172 225 128 130 123 220 270 249 25 294 145 
50 108 69 53 209 180 154 232 76 225 272 112 158 281 253 68 148 32 242 294 286 90 122 15 175 184 38 42 290 218 221 9 271 201 92 153 96 195 250 287 219 11 95 171 139 131 196 258 172 23 48 
9 85 54 126 286 273 295 112 94 100 
35 125 239 243 103 172 222 249 244 152 1 174 55 53 2 285 250 90 218 263 87 35 262 122 154 251 70 82 208 283 93 267 254 214 146 72 
28 256 58 49 1 247 188 275 93 95 32 242 120 254 88 156 279 194 128 111 116 167 186 22 107 233 177 228 110 
3 265 194 261 
27 203 80 199 108 245 229 103 170 133 110 50 277 238 88 207 92 63 213 292 187 91 128 205 171 225 272 267 
9 149 251 110 182 179 106 232 273 53 
19 192 213 92 243 208 5 140 132 212 275 155 253 22 143 93 209 272 207 54 
46 24 47 53 10 149 26 271 132 66 55 17 28 76 270 291 261 43 207 117 115 172 6 160 212 108 198 300 255 129 181 62 192 35 243 40 107 1 175 170 59 282 183 158 54 279 275 
3 43 71 298 
16 132 94 108 14 65 13 26 41 101 86 10 180 274 221 219 141 
11 29 143 209 106 175 231 97 47 86 224 182 
6 167 58 7 278 131 109 
42 97 156 101 73 175 125 294 89 278 208 70 119 171 123 63 136 84 135 196 151 127 86 49 77 64 290 5 133 279 297 67 204 299 277 57 41 53 66 2 170 266 78 
44 153 25 124 103 51 239 141 253 57 288 244 168 231 3 286 94 35 56 216 251 90 8 59 119 261 209 82 207 246 83 76 20 81 172 68 197 154 235 152 167 295 12 298 22 
1 85 
7 7 151 96 275 135 164 60 
46 77 180 89 4 269 227 113 132 254 225 82 235 193 13 41 298 86 189 250 161 199 276 241 292 194 295 23 162 181 192 76 111 272 8 85 150 294 36 46 50 259 22 159 81 296 158 
33 186 268 135 89 285 99 11 76 118 40 77 36 28 159 53 136 263 243 201 192 101 100 167 141 52 46 291 82 212 266 127 14 234 
44 299 179 118 160 216 64 129 275 256 278 260 249 209 202 14 120 263 222 170 22 124 241 166 258 147 45 254 32 111 86 195 125 292 238 77 11 172 60 69 184 148 107 102 190 
25 126 299 259 72 15 113 133 216 125 138 202 47 129 19 33 185 265 217 56 39 229 257 3 172 88 
34 18 78 278 216 43 215 141 133 195 44 254 85 184 252 189 258 176 93 244 185 155 267 9 33 113 6 75 247 175 125 182 103 232 262 
1 65 
42 70 64 293 276 16 43 297 229 45 216 237 138 238 79 191 28 171 133 224 203 215 25 82 244 124 270 161 277 181 298 226 77 35 183 247 162 58 227 150 149 151 211 
10 276 288 228 48 89 24 199 90 213 224 
5 168 289 90 266 92 
5 140 258 128 136 113 
43 289 293 269 216 19 92 37 170 188 30 96 7 244 236 59 260 97 107 76 242 230 32 196 272 279 69 252 254 99 259 277 161 77 9 144 297 8 214 191 72 4 16 224 
14 207 258 9 290 27 114 193 122 282 41 268 214 177 97 
11 244 5 107 109 186 273 68 24 125 16 266 
1 163 
46 117 104 225 226 141 76 188 62 101 187 111 177 210 70 118 131 54 134 246 69 150 217 298 84 290 182 149 212 296 44 233 110 86 207 87 23 168 142 257 219 74 99 162 271 251 26 
26 286 159 117 16 284 80 15 43 62 17 21 68 104 9 279 291 119 54 202 107 246 6 83 179 296 105 
29 188 246 226 234 89 251 162 17 10 85 199 191 142 109 192 291 25 42 296 196 58 26 241 120 256 148 121 110 67 
7 257 118 122 94 93 186 91 
28 216 246 25 102 140 170 229 296 254 249 202 174 121 19 84 146 150 224 268 18 88 223 98 112 141 78 239 177 
46 50 202 118 141 286 277 103 158 231 143 268 119 178 212 278 280 229 283 211 213 290 91 168 146 22 125 165 28 142 9 182 181 155 75 189 207 256 79 281 53 291 74 43 151 104 275 
42 103 218 146 101 26 44 288 28 160 132 93 199 202 162 273 254 244 35 110 214 83 297 114 292 144 19 147 195 211 34 142 169 149 129 109 70 52 280 240 18 72 61 
44 274 198 131 204 294 100 82 238 275 51 261 43 219 281 247 263 226 208 218 31 27 292 240 72 148 190 52 39 278 40 57 112 232 129 88 237 106 184 197 146 199 66 298 60 
40 42 201 280 68 75 195 71 241 17 172 138 270 99 265 56 211 243 180 81 206 52 213 161 216 251 215 258 77 176 79 34 279 102 91 148 51 132 290 173 284 
19 154 52 235 161 71 241 67 82 63 98 130 175 267 36 223 125 284 152 208 
34 53 156 110 167 1 188 126 190 112 247 235 279 10 155 88 116 149 78 285 83 86 128 157 245 253 233 210 220 26 171 54 79 19 137 
7 170 197 128 114 225 276 238 
34 143 148 178 83 262 213 15 154 1 207 210 281 300 98 18 244 30 58 186 219 146 147 48 25 133 85 256 292 7 280 127 218 228 38 
49 143 121 233 61 16 191 242 207 40 299 130 102 205 275 297 211 133 152 236 174 185 84 71 200 126 6 89 26 215 23 154 57 199 41 161 213 221 300 280 158 99 153 88 247 14 43 269 69 13 
19 65 119 66 180 247 53 132 191 100 111 166 41 212 157 21 214 138 137 297 
34 265 66 21 219 127 224 287 284 87 275 117 114 33 273 125 222 296 250 234 239 136 263 211 110 208 91 147 46 163 213 12 94 149 253 
6 16 262 117 272 15 36 
5 147 109 274 166 63 
21 172 126 202 263 10 25 275 93 41 92 75 68 290 223 18 163 253 272 19 94 128 
5 171 69 231 264 66 
27 139 31 42 147 68 212 92 133 90 36 78 125 40 165 242 192 285 281 94 121 142 218 67 184 89 18 54 
33 26 218 48 196 279 181 179 230 145 67 113 158 294 68 176 61 235 74 152 83 103 168 136 108 91 284 201 112 195 127 173 15 99 
11 186 112 219 58 43 195 246 184 84 141 165 
25 226 73 23 76 247 283 207 245 294 71 103 209 271 198 257 182 131 262 189 118 237 120 109 231 2 
11 146 298 251 114 169 124 226 53 56 142 16 
14 62 75 265 68 235 110 124 286 45 70 180 86 40 123 
17 51 41 142 256 231 77 100 88 181 48 212 184 222 60 215 54 263 
48 119 57 74 248 214 238 172 120 147 189 290 128 146 43 11 90 193 240 22 78 267 212 58 40 114 215 201 145 260 51 286 219 106 292 118 167 113 249 221 50 251 131 159 169 179 194 206 294 
36 287 161 35 291 168 268 231 3 274 18 141 105 267 33 146 262 238 184 93 169 150 294 122 15 297 193 177 221 232 44 258 21 76 70 182 201 
41 139 19 153 150 259 137 245 35 38 213 299 46 294 171 238 243 189 136 11 134 141 100 157 295 235 265 215 72 58 164 121 29 148 147 297 78 282 190 43 183 32 
27 124 181 105 273 80 250 39 166 97 293 133 73 179 253 277 57 270 298 75 221 248 61 126 225 88 210 116 
7 40 15 189 61 65 49 204 
43 21 18 148 153 291 185 79 74 150 93 212 224 270 287 20 121 14 175 50 16 275 156 134 240 190 45 186 266 180 171 56 223 290 98 132 80 202 138 197 144 296 125 130 
10 156 81 226 268 234 1 91 215 131 76 
7 52 153 120 84 103 83 175 
10 244 274 298 30 221 55 106 234 206 155 
36 38 109 72 5 87 202 172 59 16 100 162 161 28 221 192 153 197 255 281 10 198 24 107 299 274 136 203 191 185 187 135 62 51 182 33 207 
35 118 214 286 132 117 122 83 284 261 194 100 44 93 11 201 115 212 153 181 197 166 271 278 91 92 137 273 289 234 249 95 250 155 66 99 
39 210 249 67 211 8 94 82 247 137 245 240 128 278 110 44 196 261 132 180 202 103 188 143 136 27 92 83 227 41 37 16 246 45 230 223 113 156 155 212 
36 283 227 209 288 297 187 295 194 193 245 274 39 171 141 106 210 139 82 98 208 226 276 165 240 7 78 254 189 219 183 114 258 256 85 117 20 
34 266 246 272 146 103 108 222 161 77 127 260 134 117 285 100 296 162 40 221 22 10 72 219 92 282 216 220 132 290 252 239 17 279 281 
29 93 66 217 198 264 135 233 21 77 109 158 74 78 129 58 96 257 139 169 293 14 165 183 75 70 214 211 230 175 
30 76 145 194 133 135 69 101 218 166 181 122 51 224 139 296 64 201 164 17 88 155 212 35 65 130 109 95 148 102 26 
26 20 51 201 296 294 289 236 54 100 264 202 97 17 232 78 120 208 213 214 281 189 231 3 198 238 2 
8 241 47 196 276 138 272 57 19 
49 289 122 117 179 33 13 41 45 99 17 276 10 178 107 86 68 24 248 231 43 238 40 94 194 210 234 165 208 59 32 26 225 56 101 78 290 61 58 259 89 293 163 119 70 71 35 287 204 116 
15 9 147 10 205 199 36 152 52 21 234 161 158 178 221 119 
48 147 159 156 70 89 257 286 132 117 184 57 24 128 274 219 124 101 250 168 102 108 283 2 174 77 182 300 240 271 130 43 81 167 139 259 221 149 23 37 106 287 49 129 275 59 222 255 14 
24 171 230 231 144 233 98 104 122 274 208 71 284 35 168 251 118 235 161 61 222 261 3 270 129 
48 56 51 266 292 131 190 100 108 297 229 231 264 90 97 87 71 93 62 233 16 211 252 238 119 80 5 123 41 182 260 33 20 72 208 77 140 92 83 187 73 278 142 66 30 126 79 76 12 
24 117 254 232 142 230 194 234 275 135 204 159 77 54 136 110 215 21 172 122 251 202 271 7 290 
12 291 45 159 119 89 140 11 224 183 153 276 165 
36 139 32 96 50 125 55 43 76 248 208 223 178 257 66 280 167 107 29 180 299 259 64 114 237 229 108 119 71 215 202 241 126 138 12 59 89 
48 2 225 4 29 274 154 270 6 76 22 186 198 111 165 166 258 157 81 98 126 289 132 265 21 115 207 284 175 15 179 1 296 199 251 202 158 100 53 209 249 196 77 283 298 114 177 52 48 
43 160 235 151 265 138 139 248 100 99 39 253 13 134 280 259 27 225 281 84 223 44 140 192 190 2 171 297 254 213 105 218 203 200 251 298 71 53 176 230 69 37 106 220 
3 267 224 72 
31 22 198 55 208 218 5 69 125 124 278 144 217 132 259 267 121 46 17 158 223 78 266 187 48 212 292 104 100 220 2 213 
27 156 258 61 2 292 101 165 180 181 243 100 15 114 14 1 278 117 23 53 145 36 147 64 281 30 138 39 
40 240 31 88 118 189 221 122 255 104 204 108 148 17 218 75 66 11 37 93 43 298 57 243 209 141 142 12 112 115 181 83 247 68 134 100 294 20 114 232 67 
40 228 123 126 122 60 52 142 127 258 90 200 259 262 214 101 109 276 74 28 176 285 8 75 217 197 23 119 297 218 146 49 143 241 110 62 224 70 114 108 166 
29 124 144 122 165 56 149 19 296 290 204 270 146 299 77 126 237 4 112 198 245 140 185 105 100 30 282 8 51 11 
6 120 128 228 110 230 131 
44 33 211 68 193 295 25 298 261 299 237 20 216 194 185 41 203 260 281 179 200 40 197 82 67 43 140 153 37 242 158 215 90 282 137 269 169 39 275 115 164 124 148 101 159 
30 103 68 294 113 291 272 2 7 85 277 148 77 52 50 104 173 35 270 65 78 229 278 122 155 69 66 20 87 199 201 
4 277 198 7 119 
26 163 64 229 49 15 268 191 201 45 247 224 32 127 104 106 4 175 178 261 196 65 169 12 120 123 7 
39 66 203 262 131 49 106 298 116 196 240 160 15 223 23 25 285 286 215 111 17 195 54 150 44 68 148 145 11 105 277 236 275 104 31 9 254 221 176 144 
30 59 172 293 138 93 91 121 229 67 148 123 173 69 125 203 207 226 146 273 21 31 176 19 97 65 188 30 253 194 126 
36 31 228 118 16 126 106 102 299 72 56 138 229 33 69 155 91 212 117 180 289 60 52 225 192 267 81 61 27 109 42 9 145 32 108 17 250 
50 187 205 2 181 291 156 188 63 41 272 132 102 113 180 133 292 147 260 60 32 149 173 174 142 123 286 264 298 97 178 61 257 52 107 55 179 144 89 202 190 54 228 4 288 62 143 15 91 3 100 
20 57 200 110 74 86 148 197 75 249 67 171 173 48 220 73 211 76 147 243 72 
23 198 76 182 3 248 27 107 261 146 112 46 125 40 234 215 89 236 5 66 45 136 139 218 
19 26 202 69 275 7 80 138 240 177 189 121 280 286 293 242 67 253 128 269 
37 147 134 121 18 292 254 188 100 195 176 217 118 207 10 103 201 140 1 281 177 136 70 179 115 273 260 233 138 94 183 270 67 97 55 34 269 48 
32 35 72 20 183 279 43 16 152 123 217 61 113 129 30 239 89 255 270 278 108 232 47 230 25 194 131 296 262 136 195 254 179 
25 271 145 114 73 113 147 222 249 169 91 172 59 225 85 139 246 43 226 87 44 23 54 272 188 138 
32 265 244 269 46 187 64 73 237 100 258 145 220 199 56 50 11 255 159 175 262 85 272 48 27 210 90 203 192 291 32 178 75 
14 7 186 237 208 273 243 143 285 59 215 12 62 161 204 
36 226 167 194 3 98 285 251 62 129 122 32 246 204 296 102 133 277 35 4 178 42 53 27 44 253 216 5 181 146 192 215 171 269 154 120 234 
25 16 126 91 31 139 229 262 223 197 124 225 46 247 174 104 32 277 155 75 79 7 80 248 236 8 
23 170 270 143 149 193 283 110 250 125 253 53 57 103 87 137 84 263 199 55 142 42 234 38 
45 122 5 15 136 236 87 12 66 165 115 182 46 65 207 170 228 287 76 262 80 149 157 245 192 154 73 284 209 238 266 101 193 1 229 173 300 55 107 8 35 176 277 79 202 110 
45 164 61 232 118 270 214 124 18 85 41 166 243 17 104 285 191 217 299 228 271 289 148 219 209 93 58 254 267 39 25 167 298 280 210 162 53 11 261 160 204 242 142 3 134 8 
45 38 89 184 234 34 26 206 264 248 155 195 121 173 266 187 260 47 138 108 196 27 172 191 201 221 211 106 271 63 279 261 215 168 6 169 140 112 117 134 241 128 286 101 243 188 
37 7 229 251 35 82 8 253 184 93 98 133 208 297 12 92 62 27 284 143 119 152 162 95 57 243 123 80 131 226 79 43 129 289 73 238 28 9 
3 166 194 187 
41 122 31 104 287 39 134 51 52 72 155 296 27 5 44 288 156 130 135 263 133 128 58 19 94 47 297 88 284 200 90 45 56 115 161 12 235 217 289 273 105 165 
45 242 84 278 48 32 146 34 265 75 189 121 237 132 273 209 217 162 97 80 31 287 51 249 260 74 60 85 45 39 210 105 106 28 279 206 26 136 251 235 215 294 15 36 47 130 
2 81 99 
5 164 291 43 18 245 
17 180 4 139 167 2 92 131 278 46 245 41 292 260 86 290 208 253 
33 267 21 72 234 221 75 39 140 268 147 189 223 37 64 174 135 109 115 50 128 110 230 205 171 60 220 211 83 228 196 84 163 219 
46 247 197 161 59 85 286 251 281 117 238 150 179 284 62 77 175 151 154 193 274 34 15 223 107 239 228 20 2 229 138 1 181 143 246 56 130 125 268 17 53 252 82 144 47 149 66 
9 203 136 187 282 40 26 117 289 123 
33 28 89 194 150 243 7 157 244 205 236 264 299 160 278 110 95 52 10 100 234 107 45 219 92 72 240 285 23 3 131 190 212 80 
20 283 66 293 174 10 159 169 65 241 61 55 215 97 189 33 95 176 207 252 170 
8 159 139 120 66 209 178 108 197 
32 222 61 229 42 170 293 14 52 78 129 64 223 216 281 116 80 92 176 300 184 275 46 200 67 235 180 118 220 233 276 201 182 
36 71 54 66 246 178 239 5 198 208 220 244 141 4 23 236 270 213 235 135 92 203 56 45 269 253 271 252 206 31 104 281 256 248 230 26 243 
39 57 213 286 246 159 151 272 257 198 67 1 122 216 157 259 113 132 23 37 92 39 183 218 255 204 140 225 199 145 107 269 184 146 268 293 215 229 245 181 
5 206 278 231 73 230 
13 38 14 239 295 200 68 20 63 86 138 4 297 36 
22 277 35 147 225 276 240 265 90 248 120 271 5 186 2 24 279 246 76 239 254 139 172 
34 140 117 256 92 118 186 283 136 178 90 241 286 226 121 211 184 188 37 38 150 87 244 262 258 236 138 125 122 101 110 248 225 133 204 
19 176 255 166 220 211 264 77 168 52 131 215 147 156 239 86 112 161 154 48 
33 81 143 89 263 149 281 155 219 195 299 88 124 105 23 209 270 147 162 294 237 146 182 34 136 118 67 84 109 85 290 194 140 289 
9 221 109 240 234 283 198 167 75 130 
9 53 285 39 165 179 164 275 88 57 
35 269 36 253 262 272 223 252 29 176 72 11 39 256 135 157 87 276 150 13 179 79 18 105 8 242 184 112 78 217 131 168 152 213 291 114 
2 175 141 
15 255 90 125 106 167 202 102 3 236 290 224 157 297 223 162 
49 149 262 267 229 180 179 47 76 192 264 160 157 48 181 118 243 7 49 60 176 204 125 64 17 3 276 227 130 234 77 277 43 20 296 66 52 120 95 80 169 188 35 8 242 221 289 1 252 202 
12 209 181 202 242 17 234 33 184 87 83 43 285 
19 30 125 143 294 85 138 2 255 188 149 212 204 234 207 12 296 135 4 164 
31 34 69 177 45 287 216 59 28 183 284 51 252 130 217 299 276 116 184 121 265 208 192 38 104 86 253 250 206 60 204 112 
17 68 79 297 28 158 276 62 119 182 262 11 284 102 176 3 247 279 
24 113 182 45 192 8 247 291 29 231 103 292 1 97 187 176 136 4 259 239 76 249 273 16 87 
11 287 101 87 223 124 74 300 2 90 41 218 
38 22 88 260 204 248 20 70 146 156 27 145 43 162 44 293 99 58 122 128 11 147 126 56 37 45 269 24 109 203 26 193 158 223 222 205 8 197 97 
29 233 196 223 73 104 101 85 212 56 136 260 235 285 265 170 201 124 250 294 271 13 17 71 1 100 118 103 142 90 
2 224 159 
48 264 87 260 235 181 160 57 20 294 292 40 285 125 224 286 211 6 175 291 159 56 298 177 183 165 239 250 107 200 168 94 25 45 251 186 156 93 262 296 52 23 293 75 151 221 178 203 277 
50 261 77 228 109 32 112 156 211 57 140 110 124 25 153 98 163 33 242 58 147 271 235 149 19 191 63 236 103 80 254 9 207 1 184 297 22 290 66 86 91 55 23 15 204 196 274 42 193 206 177 
27 124 236 271 252 153 10 211 223 54 128 246 8 191 157 194 197 228 268 48 52 26 186 46 117 180 170 185 
10 159 17 208 132 84 174 262 248 288 269 
41 278 176 106 148 265 191 57 102 187 296 139 43 133 164 160 90 30 159 210 268 256 230 48 56 88 233 212 155 38 110 274 290 267 166 174 58 297 127 238 45 175 
40 182 240 215 230 247 10 110 66 100 69 63 124 242 140 132 198 259 245 218 254 27 7 75 173 282 200 193 73 163 176 177 275 183 296 232 52 288 155 78 21 
27 275 216 162 97 110 172 170 251 221 122 133 12 95 161 102 77 202 28 114 150 212 89 144 109 86 298 54 
28 30 249 108 121 176 187 288 157 28 154 194 47 180 79 1 91 169 216 178 252 159 266 72 239 51 279 255 77 
1 133 
45 202 76 194 201 103 95 259 26 25 128 83 184 119 248 62 121 190 296 61 43 75 2 124 220 21 208 197 290 7 94 151 144 90 262 292 89 228 276 174 275 149 12 49 146 143 
50 113 177 92 137 77 259 19 56 142 169 300 187 112 277 236 40 54 282 191 176 242 124 287 246 206 18 204 30 120 209 172 284 286 229 152 89 74 39 105 61 243 127 9 132 285 271 185 265 230 122 
34 293 45 207 281 204 225 161 219 137 206 245 285 56 264 71 224 16 180 144 163 72 292 97 233 246 90 107 15 178 109 231 168 171 101 
45 26 265 138 40 298 279 113 96 24 67 111 110 230 253 127 91 154 225 160 146 269 187 250 290 8 261 210 280 9 199 64 13 185 215 149 57 299 62 179 29 278 177 18 23 221 
13 182 279 194 189 166 129 150 57 255 6 147 149 281 
25 276 64 23 77 154 287 241 159 219 286 42 78 222 137 213 134 70 138 125 82 126 71 50 93 9 
45 167 191 101 247 50 162 185 64 119 131 222 84 239 174 60 256 51 173 129 27 5 56 6 29 289 230 105 139 294 255 221 126 269 261 86 201 163 143 298 133 205 279 245 297 122 
42 174 158 223 295 175 226 36 1 95 200 196 233 147 199 107 234 142 154 7 77 176 56 138 261 184 161 92 251 21 18 10 148 90 133 87 76 109 202 192 37 145 260 
42 160 118 183 150 147 274 136 265 259 2 129 234 284 192 17 45 300 74 60 123 18 225 278 189 172 229 95 13 204 164 285 35 257 19 216 184 154 27 167 287 24 66 
4 115 177 142 14 
33 51 118 278 250 287 159 220 83 136 202 257 12 281 16 15 295 69 214 59 243 228 264 112 93 54 174 52 196 122 233 47 78 38 
29 173 259 103 31 272 64 100 39 30 138 42 186 75 152 114 268 190 110 176 232 108 157 46 119 53 52 285 38 142 
35 95 255 129 100 11 115 57 290 219 279 233 184 73 245 42 218 24 72 61 256 47 221 224 19 288 210 49 299 270 161 266 25 64 45 68 
41 247 272 81 115 245 167 215 120 3 64 127 183 188 77 62 47 61 104 57 12 53 68 226 4 27 289 35 163 91 186 128 154 22 145 74 138 287 23 190 65 184 
39 146 41 85 161 242 272 132 34 105 281 255 81 77 171 241 133 36 224 258 267 296 216 209 251 232 27 155 151 130 137 277 56 262 142 230 103 226 164 12 
21 290 289 179 272 69 20 249 203 287 220 283 206 260 155 95 28 143 13 173 281 187 
36 13 217 114 117 165 115 220 73 145 105 110 116 177 22 273 132 256 226 32 210 134 257 190 111 77 42 186 294 237 68 285 125 124 153 298 31 
1 50 
31 19 147 103 300 88 23 52 256 142 54 149 109 270 13 28 286 197 33 281 140 269 87 41 126 148 257 233 278 110 157 277 
33 102 45 33 20 23 163 26 193 125 143 148 40 133 276 54 123 141 199 48 289 127 68 185 137 112 162 145 120 4 73 225 55 181 
19 169 44 72 49 299 272 97 119 50 94 132 24 235 59 208 278 12 46 183 
41 22 59 271 4 275 158 29 294 2 119 91 239 48 213 182 111 93 192 186 172 168 279 77 114 143 149 82 148 127 20 282 183 298 252 160 240 98 30 79 17 19 
44 249 261 77 125 159 74 60 213 4 85 138 171 141 288 270 293 82 243 5 157 152 6 156 105 198 217 9 182 230 183 259 187 61 73 80 294 146 121 104 112 233 33 132 102 
43 233 275 300 91 31 47 187 289 79 218 246 57 227 39 245 219 24 102 168 183 238 290 264 287 50 154 190 43 294 130 65 133 105 34 163 181 2 225 291 55 250 283 162 
31 140 62 56 226 276 7 42 168 103 233 279 28 293 222 187 295 70 16 209 125 146 96 254 77 68 5 231 248 288 65 234 
47 103 12 161 115 144 138 263 242 208 221 226 232 228 210 57 77 98 291 42 187 70 67 202 80 239 72 177 86 257 183 188 164 286 248 258 277 245 182 113 234 175 83 4 214 184 13 174 
27 239 189 50 74 72 105 60 202 109 267 271 49 34 120 142 269 168 136 123 284 107 124 53 175 115 12 95 
4 132 174 29 161 
19 193 203 117 293 166 232 243 241 184 182 8 192 29 207 75 40 43 115 46 
36 80 215 133 212 199 69 284 160 126 172 18 227 278 182 58 148 246 269 12 51 132 208 268 154 124 231 68 288 235 259 73 158 248 161 188 16 
16 89 206 224 195 116 249 153 187 22 252 40 60 18 69 38 96 
14 157 135 232 198 106 177 140 43 280 212 203 186 271 31 
27 184 156 27 99 203 269 152 86 185 263 195 94 118 226 270 42 114 252 138 272 227 178 7 145 163 205 54 
38 153 277 299 216 261 105 226 281 182 137 66 59 73 154 244 76 79 204 278 279 52 187 30 7 139 241 234 80 133 207 97 116 274 289 280 168 70 107 
45 208 214 261 293 33 262 15 107 39 264 155 95 43 224 116 153 111 50 223 230 163 158 179 299 232 141 127 176 294 247 60 207 229 220 253 215 123 201 256 263 272 80 265 114 87 
33 19 223 148 267 156 5 18 189 216 45 36 8 195 289 169 279 239 137 35 12 113 9 99 66 173 67 94 160 270 17 89 263 74 
4 101 149 122 299 
15 280 196 249 163 239 240 256 229 191 71 174 295 120 154 287 
29 249 215 162 210 105 213 167 152 122 293 139 274 294 141 181 31 87 76 222 37 195 49 32 143 85 73 190 296 54 
45 67 258 268 82 112 238 290 147 11 248 52 43 73 232 154 267 182 27 9 96 168 156 241 21 206 261 231 219 77 163 217 186 247 94 137 98 88 144 199 8 166 5 269 38 122 
10 121 247 269 74 249 47 15 274 165 17 
17 172 257 291 62 276 287 73 201 188 31 141 205 17 168 133 76 122 
15 154 245 220 71 62 196 215 216 235 39 228 81 180 142 123 
5 47 205 284 25 139 
41 63 225 68 207 54 289 213 268 133 272 24 248 293 240 162 130 134 235 228 52 55 57 254 75 236 136 281 245 270 98 18 280 12 30 242 276 300 14 232 153 51 
39 74 49 16 281 271 68 207 1 73 248 204 245 39 144 179 225 151 228 85 171 181 9 234 243 191 141 50 129 124 54 44 254 223 26 25 143 23 142 264 
8 65 76 242 86 151 217 9 90 
39 275 36 13 227 271 158 289 260 135 160 140 141 264 284 155 111 265 236 214 106 21 67 72 273 25 173 109 200 79 138 150 297 39 198 164 210 222 293 119 
46 53 128 79 33 163 76 74 156 27 170 75 15 13 253 248 149 122 145 231 85 180 40 284 267 58 6 148 160 100 178 142 194 192 236 168 181 167 151 144 80 19 210 158 73 29 242 
29 53 140 99 298 285 71 257 280 174 229 63 125 35 114 265 287 209 282 38 165 143 247 150 4 192 25 85 160 278 
39 247 1 146 164 82 190 69 217 233 37 184 284 191 5 134 24 58 223 148 179 132 6 183 262 7 194 296 186 198 4 123 113 155 121 261 117 25 149 222 
28 255 293 119 123 67 297 234 144 247 22 187 71 64 102 292 279 205 53 55 197 30 110 282 108 34 230 137 7 
8 121 169 116 278 49 175 131 134 
40 280 104 159 47 170 94 114 167 141 85 230 101 98 163 155 290 203 52 183 46 181 78 122 210 106 283 191 244 219 272 26 42 152 279 189 77 64 121 11 10 
6 172 262 245 59 55 152 
37 193 280 76 157 288 161 7 298 174 110 140 5 189 49 208 92 129 175 118 190 34 200 48 12 98 275 299 54 165 2 120 73 144 50 159 192 294 
19 171 266 293 278 83 71 29 163 102 290 101 44 47 110 126 143 1 88 202 
23 17 26 201 47 5 165 257 225 107 52 127 141 105 250 153 64 117 259 231 264 268 14 285 
42 103 209 140 141 250 80 249 281 204 219 236 136 243 70 73 64 232 266 230 113 246 241 181 283 174 177 147 235 151 83 47 279 52 294 59 51 156 224 7 8 207 178 
35 78 293 80 97 137 45 262 291 176 100 106 73 188 9 243 208 27 151 264 226 114 159 68 214 37 56 199 39 92 29 161 200 117 70 174 
13 217 113 222 124 159 38 9 68 60 88 129 267 240 
7 286 47 151 163 238 35 91 
8 7 55 105 149 250 148 226 210 
3 202 184 6 
6 199 178 153 11 87 128 
7 195 38 70 162 182 86 99 
21 271 282 152 25 134 142 66 123 164 192 33 94 75 3 194 219 129 213 268 226 214 
19 23 178 242 190 260 184 79 145 135 131 189 121 89 154 110 208 287 119 270 
34 93 279 277 71 228 142 298 57 264 284 116 98 182 79 31 196 37 3 246 21 187 114 22 185 7 222 289 267 54 103 288 26 43 49 
22 286 154 21 258 62 107 63 140 267 201 165 126 170 158 69 72 16 119 261 162 138 228 
36 51 96 19 21 172 157 120 11 296 132 129 227 288 158 126 110 239 68 22 294 144 130 9 34 118 117 190 95 86 79 14 257 173 187 140 199 
30 66 286 115 277 78 297 187 127 171 278 300 48 167 26 231 148 77 146 190 21 174 212 84 265 8 106 38 113 250 110 
37 197 248 212 97 51 196 75 298 245 164 238 218 253 72 138 226 85 57 299 201 186 174 35 229 2 294 59 144 178 181 118 143 165 34 74 184 208 
35 146 134 39 223 55 132 47 277 287 188 291 63 48 241 139 266 32 67 299 273 219 117 79 154 95 270 46 156 2 115 252 83 171 163 213 
27 270 94 152 102 253 202 8 286 163 51 233 117 3 173 159 108 44 82 239 209 204 205 183 265 65 111 242 
50 53 135 83 31 190 155 297 243 261 111 76 75 149 108 130 22 160 275 218 260 33 161 154 145 240 265 37 61 32 195 107 193 79 12 163 54 49 136 104 234 56 214 259 43 103 202 128 114 47 84 
48 181 119 62 103 156 241 224 228 131 155 202 247 229 120 260 254 107 19 40 43 134 121 139 160 64 144 135 219 187 100 272 99 190 234 251 3 206 46 279 133 57 266 273 87 36 127 56 78 
48 112 246 167 175 183 276 187 118 63 169 120 178 5 159 205 181 258 282 53 86 283 180 95 223 245 272 126 138 32 29 149 115 275 207 241 43 210 33 110 54 30 52 2 206 76 14 45 238 
38 126 127 260 91 6 218 68 235 204 261 95 22 109 29 179 3 33 117 205 142 270 219 278 50 44 190 31 141 43 62 212 56 13 279 32 27 191 133 
7 41 31 37 219 237 169 224 
24 183 197 245 189 90 63 130 134 46 95 198 156 169 272 55 126 185 196 35 253 280 2 128 243 
40 214 69 278 3 300 106 45 99 212 91 68 98 37 275 70 283 112 290 198 46 107 284 227 93 89 172 5 224 206 241 11 217 55 163 197 288 138 297 54 281 
24 17 195 79 272 97 107 84 287 178 65 166 27 231 67 199 162 173 288 30 244 148 13 64 86 
50 245 11 135 165 28 38 116 88 278 277 122 296 215 98 234 155 97 60 174 152 159 83 225 81 276 227 268 37 91 291 80 4 154 79 157 222 143 156 265 285 238 255 107 68 287 300 2 48 52 65 
37 28 42 133 187 104 206 289 173 277 181 299 55 274 204 213 259 135 292 40 252 195 68 245 44 118 179 228 39 237 103 218 158 73 47 132 125 120 
19 253 232 102 136 97 118 72 193 53 49 231 244 215 209 79 34 41 83 54 
48 220 24 128 19 254 207 30 14 137 300 236 17 216 208 127 283 240 223 292 206 31 175 178 237 233 47 184 72 195 104 10 185 209 98 40 277 124 196 247 202 285 53 139 256 33 180 68 293 
50 293 33 266 164 119 78 149 49 237 233 165 39 64 287 289 99 13 251 215 120 12 143 117 252 169 57 230 246 256 53 229 259 84 42 213 214 209 5 98 22 238 47 240 38 217 90 225 94 82 16 
2 102 214 
15 170 262 265 143 25 116 174 29 298 240 129 175 94 137 164 
15 256 241 253 24 142 73 7 54 173 249 231 280 67 97 44 
37 43 41 12 201 128 207 73 15 91 125 87 111 114 288 126 14 154 165 132 204 181 90 167 3 99 273 29 233 38 71 42 218 150 164 34 216 253 
18 31 59 21 270 256 182 293 287 30 269 292 85 124 81 222 101 151 111 
16 163 186 41 164 131 202 47 72 26 198 225 32 290 295 19 234 
33 173 34 84 27 68 158 235 205 3 90 211 29 256 221 81 148 271 120 204 23 243 20 104 116 226 208 220 185 228 58 40 237 219 
29 118 147 191 230 84 228 225 220 244 64 142 192 2 283 166 58 114 12 188 181 278 99 10 187 219 128 257 290 54 
9 236 195 280 118 25 250 177 21 230 
26 251 169 247 1 223 9 188 287 45 215 33 209 198 15 65 116 80 284 214 85 32 107 51 46 133 231 
48 264 262 215 41 142 265 234 207 229 146 203 224 251 125 205 184 252 170 61 254 36 156 131 259 179 139 260 46 160 296 57 167 286 275 23 138 140 124 48 136 144 55 94 100 62 90 112 241 
3 102 55 93 
6 32 101 258 124 21 150 
38 255 160 262 31 94 207 245 197 275 228 14 294 284 264 29 199 41 53 86 198 225 28 48 157 179 33 45 57 35 229 66 148 240 277 111 242 300 205 
35 117 170 276 171 199 2 150 274 221 134 17 120 233 64 216 210 47 108 161 237 271 99 62 122 281 196 39 144 113 78 7 51 45 118 83 
6 254 188 191 119 158 134 
12 225 226 234 62 83 260 176 151 261 172 111 270 
31 205 241 195 160 86 100 11 92 277 247 98 17 238 226 220 194 40 249 298 42 55 167 267 237 204 70 38 216 73 185 281 
48 108 262 260 181 244 153 123 263 221 257 232 124 216 140 214 114 64 177 163 32 282 102 280 139 174 37 125 204 254 93 237 13 134 256 246 110 235 300 205 16 109 171 220 36 159 120 113 56 
43 220 294 235 227 55 10 96 155 213 258 44 208 143 161 214 122 173 131 56 253 52 300 18 264 198 158 117 40 35 82 169 224 14 24 115 12 39 171 116 210 157 205 259 
30 191 267 242 228 75 299 84 76 25 30 100 173 17 284 15 145 67 213 249 29 263 42 271 182 265 7 266 33 215 125 
47 45 113 86 185 108 116 29 252 160 2 132 191 91 241 46 220 56 94 78 38 8 92 21 172 61 20 268 16 15 59 57 119 279 123 267 218 13 177 245 265 287 48 173 169 262 161 229 
10 170 165 56 298 205 94 296 17 229 150 
16 178 251 28 249 149 86 165 159 130 138 118 246 282 285 244 148 
30 183 108 29 56 19 20 174 65 84 75 180 163 272 126 256 32 17 120 40 97 281 284 185 248 6 51 55 240 116 206 
20 133 29 15 126 166 39 186 183 136 94 237 163 272 173 8 208 154 217 18 156 
32 82 77 191 232 293 150 193 179 27 28 288 106 260 264 225 48 19 289 81 184 155 118 12 220 291 262 157 167 78 47 89 235 
1 245 
3 223 160 33 
23 231 174 290 221 259 30 184 177 105 80 201 183 215 71 229 126 18 144 189 102 147 220 235 
10 225 277 38 91 132 51 185 228 136 203 
39 97 33 240 133 9 43 127 83 130 109 37 49 175 250 4 255 161 7 113 273 10 98 254 61 288 82 132 231 145 104 170 14 65 155 181 88 126 118 178 
36 296 29 297 10 178 81 271 139 207 134 91 237 209 94 127 262 11 253 143 111 288 235 135 164 175 46 282 59 186 287 76 252 124 36 28 144 
24 230 255 219 202 52 123 72 30 299 275 85 194 133 160 70 29 225 263 249 2 241 239 94 11 
33 208 299 186 7 164 291 49 147 122 38 127 282 120 37 73 241 107 295 68 83 274 64 100 177 32 91 235 16 292 243 170 178 238 
5 207 235 274 170 74 
8 91 26 238 186 115 212 48 129 
37 71 251 260 179 96 92 134 201 146 12 217 229 145 123 33 85 9 228 261 290 203 22 270 58 11 209 16 65 88 178 298 279 259 51 45 244 186 
45 194 114 290 8 282 72 246 65 140 200 226 292 195 272 145 190 59 78 172 107 157 111 197 108 171 142 266 234 184 176 117 50 68 64 211 183 90 30 81 12 99 79 66 158 271 
22 35 175 140 232 145 284 269 119 237 225 117 221 134 144 133 264 207 198 292 248 279 74 
17 96 259 41 263 33 65 245 260 236 254 135 153 124 137 40 14 279 
5 215 15 220 101 19 
37 75 246 96 27 93 122 217 251 210 236 175 22 32 107 288 5 278 296 195 15 105 239 152 14 193 74 154 57 99 190 88 114 121 181 41 286 6 
32 103 43 288 158 65 141 84 116 39 165 133 286 90 197 240 198 209 228 210 252 173 9 246 227 49 28 145 221 26 206 95 229 
7 186 182 164 223 52 172 233 
26 98 125 145 256 289 186 155 123 54 172 291 131 73 205 25 119 8 164 221 159 63 56 108 259 231 290 
22 276 44 225 127 164 227 36 84 29 108 165 56 46 97 24 76 16 130 38 72 66 212 
45 219 115 123 148 29 191 215 45 135 145 62 177 297 183 94 59 152 275 34 157 43 64 113 35 23 184 159 194 54 37 243 144 161 65 169 15 127 189 254 133 154 60 72 136 298 
19 291 98 113 19 123 15 156 230 64 187 92 194 149 199 108 226 102 172 258 
1 42 
25 260 226 79 268 8 269 274 219 188 118 218 270 154 16 183 75 194 185 210 166 83 27 99 19 201 
49 228 285 176 236 75 29 149 109 216 124 282 125 122 250 224 211 284 4 288 61 177 99 121 26 93 286 54 178 30 180 262 117 60 255 105 143 110 175 266 2 38 158 169 164 130 270 258 8 69 
9 53 223 39 262 93 214 10 290 145 
16 77 288 160 180 242 281 267 26 21 80 116 71 67 40 122 137 
38 230 178 183 33 39 217 120 24 46 195 89 271 202 252 300 275 87 69 294 198 57 97 53 268 17 280 270 175 259 240 229 4 291 98 99 135 176 59 
21 126 169 108 176 106 198 259 65 183 95 170 70 53 20 73 122 283 236 39 82 31 
34 285 113 74 55 108 189 295 244 300 92 247 218 46 110 161 186 5 25 153 99 184 100 191 38 10 195 81 13 181 21 183 240 221 167 
10 133 148 14 137 265 179 184 218 139 176 
40 55 140 170 294 214 166 212 174 117 125 196 260 136 243 69 148 139 120 36 105 164 99 77 61 18 285 7 254 161 291 197 126 228 222 248 59 199 97 137 26 
29 297 81 139 109 197 46 5 23 274 292 229 33 152 16 253 98 49 295 263 215 58 34 251 145 156 272 114 52 18 
42 287 147 94 294 249 163 222 235 151 22 159 236 72 195 68 169 246 160 271 9 281 182 37 26 296 88 2 146 70 253 196 172 97 98 152 162 80 199 221 128 33 231 
39 194 134 239 59 102 69 204 255 9 121 12 136 38 19 63 44 224 96 206 161 282 197 36 110 130 34 227 291 219 163 111 106 133 167 184 243 174 172 115 
50 203 54 45 190 218 176 101 7 69 135 56 38 133 186 67 225 174 85 124 55 66 207 34 222 256 136 120 296 87 271 152 108 20 300 8 100 173 217 61 294 200 114 50 127 122 260 229 142 254 132 
25 136 135 103 93 117 73 196 6 181 245 145 112 228 175 13 65 168 119 139 158 167 258 161 200 192 
11 179 210 17 276 58 265 29 19 241 278 172 
5 113 267 169 90 195 
10 139 177 31 196 79 240 239 70 277 27 
19 214 157 36 146 7 172 246 119 188 296 22 238 63 68 273 185 73 28 294 
8 135 113 162 69 251 111 233 247 
9 167 72 235 211 75 51 173 287 59 
12 75 103 11 198 296 154 261 184 129 31 280 124 
36 269 211 8 107 251 124 50 189 2 146 128 33 242 164 110 161 203 96 137 223 139 227 274 149 152 219 288 299 143 145 245 3 185 157 102 31 
19 65 225 182 297 246 75 56 212 271 285 124 49 104 32 107 227 215 146 245 
43 103 172 132 104 19 125 186 144 226 70 225 212 218 126 161 90 118 121 150 233 206 193 142 33 23 96 189 123 152 65 250 271 63 204 1 210 183 108 198 37 214 201 60 
45 226 30 96 12 198 76 178 128 237 158 242 298 66 182 261 191 20 156 286 160 234 54 239 114 274 251 207 248 9 292 129 15 28 176 171 201 272 131 7 146 29 282 79 62 38 
37 170 118 100 58 257 243 192 230 18 12 177 110 224 216 108 32 95 173 35 4 156 283 38 160 297 212 20 146 23 213 9 226 196 181 27 207 265 
36 160 251 61 175 232 210 185 288 25 30 73 34 241 150 182 236 87 8 255 163 149 46 277 108 201 7 235 198 82 215 90 145 83 101 196 281 
6 33 93 135 62 286 243 
15 163 67 35 166 16 93 272 69 46 257 76 142 8 227 176 
43 3 139 197 172 32 50 154 247 209 137 152 283 114 31 288 273 260 213 76 294 227 188 68 230 19 183 228 156 81 1 187 157 177 231 241 92 16 106 130 251 127 55 192 
9 177 101 289 288 73 179 99 34 15 
9 266 145 42 19 150 188 78 84 146 
15 112 266 131 276 49 134 254 257 288 58 67 281 162 86 11 
9 191 119 258 150 240 236 269 16 233 
35 162 221 260 267 18 243 48 274 101 235 103 56 77 297 247 23 198 68 208 24 149 182 240 283 25 111 122 131 212 234 121 1 60 296 33 
9 99 148 181 3 183 264 83 223 270 
23 260 98 6 228 160 24 58 282 291 14 96 89 49 179 21 19 230 237 189 202 65 168 120 
33 38 149 216 166 153 53 68 52 137 219 255 239 80 84 273 46 125 102 279 185 60 143 278 233 182 138 245 67 177 22 59 146 173 
23 174 227 235 216 199 213 281 211 279 221 160 102 124 208 39 231 253 94 69 298 40 152 256 
43 123 10 251 55 185 69 300 248 155 99 46 16 4 151 273 131 222 268 174 220 107 94 65 178 299 122 67 203 57 44 28 147 22 6 292 277 34 111 72 181 231 229 47 
8 106 124 250 38 299 104 283 231 
13 172 192 44 290 132 80 152 73 267 231 5 214 82 
47 60 115 93 58 10 8 3 276 158 132 263 40 150 149 138 71 123 126 114 204 45 174 97 232 34 39 159 68 117 80 32 35 42 199 178 121 256 29 65 140 31 299 59 182 240 281 246 
22 74 197 248 206 158 122 91 210 112 289 113 161 159 84 85 167 19 169 150 198 234 106 
12 166 26 158 117 88 92 138 293 116 176 122 221 
26 127 201 97 46 152 124 208 185 188 246 272 63 80 239 286 76 30 287 258 85 299 264 103 250 151 218 
20 86 38 264 240 269 11 116 113 152 21 112 10 237 171 159 83 31 18 144 131 
18 35 297 90 176 85 89 119 263 164 132 244 127 41 169 64 203 9 123 
49 180 47 182 118 195 132 85 98 237 125 61 38 148 246 115 254 23 52 273 283 82 189 99 222 207 107 238 83 10 256 42 258 140 49 73 65 102 175 268 24 179 279 78 17 270 29 143 251 110 
28 104 139 209 10 54 95 116 105 119 138 294 132 178 242 205 188 250 172 69 150 114 213 110 146 199 229 101 169 
23 56 174 92 206 251 9 101 192 121 164 116 42 39 255 297 147 80 209 224 7 131 200 244 
39 108 229 80 283 234 73 248 66 157 83 54 88 43 183 208 119 282 101 168 134 47 122 81 94 155 105 170 163 194 149 116 135 165 24 286 284 175 236 2 
26 104 202 4 222 122 136 232 143 228 265 236 272 70 275 292 165 112 108 28 175 8 196 3 170 30 270 
17 143 206 237 66 275 39 148 280 11 229 106 222 115 221 281 252 133 
30 112 281 6 193 72 256 237 23 278 82 173 110 11 138 194 47 296 18 135 262 46 122 251 152 189 228 123 216 63 227 
4 35 181 9 38 
42 255 42 81 47 102 187 152 232 208 64 106 35 26 191 11 117 196 270 205 179 189 71 121 28 66 236 8 235 108 67 172 3 140 269 249 228 147 278 275 98 18 135 
40 159 179 94 182 243 1 197 5 55 278 20 247 132 268 222 23 131 19 58 117 271 84 89 251 51 184 245 204 4 96 238 87 104 200 80 286 213 153 172 28 
21 42 52 247 32 186 64 70 44 207 183 152 299 77 128 155 238 224 125 226 115 163 
46 62 273 207 11 51 165 284 187 299 296 199 200 230 44 172 61 82 210 58 185 50 152 256 198 43 290 91 18 17 28 66 121 48 45 52 245 102 104 259 202 154 19 110 208 40 108 
19 195 180 210 278 159 240 194 69 171 98 29 235 206 59 24 263 217 79 60 
9 299 208 164 29 224 230 52 294 243 
31 201 202 135 79 236 45 169 157 281 153 293 9 259 218 156 203 151 136 146 167 292 57 61 47 1 42 206 265 193 177 18 
15 130 167 111 128 285 3 228 62 68 296 83 166 229 163 50 
36 146 296 112 140 266 249 144 95 251 6 122 53 134 197 272 150 223 37 298 191 220 81 176 25 40 178 183 193 276 216 263 77 121 262 221 89 
48 77 217 166 210 138 299 192 5 36 13 171 201 146 76 141 216 89 33 236 288 92 157 74 20 23 266 291 276 151 52 49 182 54 115 105 145 275 250 125 43 185 235 284 270 190 68 8 79 
5 80 102 196 79 229 
38 24 235 94 214 294 196 16 261 78 119 297 130 298 125 128 207 147 114 222 213 237 146 232 236 247 117 62 135 142 112 210 18 20 6 99 104 53 227 
8 165 257 95 229 29 64 156 48 
3 46 256 156 
9 141 90 5 136 13 180 240 73 132 
5 21 231 74 98 170 
10 89 267 248 192 280 34 119 195 263 155 
38 139 75 294 183 72 215 233 44 141 282 246 87 25 175 96 28 114 217 5 24 52 85 235 152 277 232 173 14 264 37 23 220 158 79 34 198 218 20 
46 5 7 276 40 84 141 109 113 66 267 278 14 102 72 1 33 115 288 125 112 82 64 28 206 189 248 47 264 147 257 119 35 277 256 60 129 224 215 209 76 54 126 187 2 241 49 
11 51 129 68 169 50 236 122 262 119 98 225 
13 237 127 247 285 79 273 194 190 120 232 160 1 199 
38 148 204 193 207 33 242 251 167 76 79 154 137 256 192 62 140 226 194 13 52 237 107 227 12 179 146 104 139 231 113 39 131 89 9 175 80 81 260 
7 212 238 177 209 51 253 298 
28 259 219 54 200 64 117 80 286 175 113 158 128 37 107 32 278 228 60 174 290 177 186 137 202 3 87 280 94 
22 222 225 117 184 125 2 128 264 134 237 203 78 47 27 250 63 229 36 18 127 123 81 
25 222 65 34 45 242 114 297 28 117 119 287 11 127 225 145 162 35 283 190 14 285 268 253 188 247 
37 12 64 203 211 201 262 196 109 216 149 60 6 32 67 94 283 152 135 263 29 147 105 146 35 293 221 40 195 20 294 85 76 181 270 55 16 121 
41 196 121 69 286 48 137 108 112 234 264 29 41 88 75 127 206 199 99 8 22 217 241 113 49 274 5 169 177 62 216 259 151 185 47 175 119 284 218 202 13 12 
41 197 89 76 291 54 260 92 144 272 239 128 185 247 257 135 127 142 106 180 267 33 11 218 156 174 8 136 286 246 70 78 74 207 299 120 28 4 53 16 146 60 
1 252 
2 84 162 
40 269 20 111 16 181 14 193 142 289 121 257 122 279 219 59 281 184 253 4 261 82 101 295 103 216 213 254 80 13 197 22 218 58 134 94 107 100 153 64 45 
27 84 12 111 79 80 298 247 154 153 123 162 77 85 48 26 251 131 264 202 282 224 173 99 219 232 288 246 
25 92 117 6 287 211 172 280 183 18 180 1 40 146 290 98 138 264 267 276 102 177 84 137 160 262 
24 287 220 224 132 70 106 279 263 100 5 280 138 292 29 62 143 23 157 191 219 89 44 69 199 
20 117 214 234 167 79 263 35 205 199 140 274 186 210 36 105 118 161 41 266 197 
25 63 167 65 295 250 96 80 35 102 150 71 117 15 45 36 118 107 61 97 213 151 148 19 109 39 
9 14 91 50 144 206 143 215 138 243 
17 147 200 230 242 59 190 40 199 156 256 299 174 162 235 280 286 163 
4 108 14 37 250 
21 39 63 93 173 206 96 145 182 186 298 290 237 184 89 56 69 83 26 76 281 103 
38 288 40 280 295 85 169 151 286 158 284 50 49 283 63 147 12 25 197 237 165 251 143 214 190 96 38 27 32 94 72 20 81 110 299 213 250 99 101 
38 78 25 151 299 41 163 144 295 85 225 108 210 205 101 141 208 35 114 213 71 226 175 43 6 222 224 61 140 112 57 290 182 232 34 142 278 216 239 
50 225 147 121 243 93 249 296 252 230 153 15 165 237 136 201 135 203 212 269 281 157 56 254 266 279 87 11 218 139 94 58 21 250 257 36 85 105 13 229 138 282 99 155 238 262 283 38 86 277 294 
30 296 292 255 79 82 34 298 67 43 220 211 22 33 293 98 201 202 197 111 149 299 37 198 84 146 286 75 140 12 274 
7 300 3 6 31 293 167 292 
44 39 143 181 91 151 60 158 36 93 52 106 65 221 129 190 21 171 252 284 298 148 184 34 202 163 31 217 125 3 72 211 299 46 37 82 128 234 209 182 48 256 40 56 113 
39 181 246 255 83 262 146 258 58 93 184 92 170 290 125 24 147 178 250 138 230 140 7 296 274 204 94 46 281 106 90 169 298 148 264 207 1 132 72 295 
43 81 197 253 192 217 162 165 24 185 275 29 5 273 246 208 60 150 251 124 242 295 241 205 156 153 257 286 70 115 64 75 126 22 32 44 30 166 91 17 172 112 200 66 
49 12 254 209 156 62 214 77 213 157 215 242 57 64 16 39 191 221 226 218 55 282 114 90 247 174 165 141 63 72 160 82 24 28 292 96 289 262 45 50 158 7 144 4 29 32 172 101 201 129 
27 68 76 158 86 249 12 273 57 120 280 245 207 230 41 22 83 90 87 232 69 73 60 272 44 251 114 223 
32 259 200 123 173 183 155 111 266 215 287 137 82 22 223 181 214 55 47 38 131 192 257 254 199 213 258 221 65 74 270 106 105 
43 126 30 259 211 284 84 13 251 97 265 288 279 104 57 264 31 293 127 124 203 128 82 74 217 67 60 180 248 91 116 141 227 150 224 1 174 235 155 221 125 61 225 143 
28 206 251 242 21 112 78 173 189 210 86 103 266 152 115 13 191 270 227 84 246 9 76 276 293 119 77 101 127 
34 140 208 76 275 158 143 201 109 226 217 134 95 273 43 38 154 135 150 86 42 18 112 75 32 59 111 12 110 279 129 63 187 46 60 
6 106 30 112 161 6 275 
31 217 111 226 241 140 113 276 50 110 96 119 30 63 156 31 19 139 227 274 201 289 53 251 121 265 95 273 99 155 35 158 
27 106 278 166 257 32 295 26 299 230 136 24 111 180 91 161 269 251 227 21 20 226 178 206 195 57 107 267 
5 277 201 132 12 224 
32 77 68 198 286 100 174 1 140 181 145 295 91 21 193 261 288 210 18 223 81 49 67 147 178 265 163 23 294 192 105 63 264 
44 243 147 45 290 171 86 204 228 29 236 83 197 122 252 199 109 176 250 131 56 134 48 71 47 5 298 254 84 76 174 91 81 158 42 97 126 107 163 108 279 51 113 280 218 
26 140 109 68 25 289 66 43 99 221 8 261 266 165 67 11 246 30 215 129 207 105 56 54 206 47 118 
26 207 104 175 231 23 280 31 52 233 179 295 113 9 173 94 162 86 74 34 3 236 116 203 210 110 115 
16 186 18 47 288 105 242 2 243 88 25 208 113 216 232 79 78 
1 255 
26 193 8 90 271 298 177 225 67 226 73 129 257 197 256 221 194 111 94 267 192 281 114 272 292 136 123 
42 178 123 100 207 51 74 164 64 282 185 54 61 227 106 237 190 245 9 63 273 39 140 96 12 70 198 244 80 57 174 1 251 29 270 114 171 77 109 247 214 276 36 
28 166 127 46 34 42 56 142 245 185 79 280 262 223 116 23 146 241 27 162 71 7 274 57 84 209 157 264 52 
7 42 57 152 121 102 250 90 
8 299 204 191 106 10 251 209 51 
28 77 160 253 163 135 55 237 137 162 43 84 29 202 44 14 288 208 18 261 133 3 93 238 293 136 27 224 9 
41 196 64 92 113 245 59 102 1 6 42 82 237 204 201 216 34 66 63 108 292 169 239 256 103 253 181 117 52 300 4 251 179 228 29 46 293 255 152 22 24 223 
15 191 9 60 241 212 78 286 242 163 223 132 14 273 22 13 
29 114 127 73 228 52 288 130 113 14 107 137 294 20 168 6 47 59 198 141 40 200 169 233 199 72 39 298 276 292 
19 286 89 182 82 80 14 180 117 283 21 149 173 218 120 252 139 28 45 299 
33 33 128 245 290 31 247 21 293 1 278 232 188 246 44 244 183 70 197 94 145 208 18 160 43 167 170 163 263 186 27 72 122 165 
44 122 180 187 132 224 59 249 191 63 267 260 166 278 141 274 69 188 99 1 225 77 139 52 216 257 138 174 116 9 16 198 8 300 210 287 193 96 81 209 293 125 104 56 144 
45 23 83 300 42 117 262 237 169 289 45 267 254 197 108 105 286 65 240 56 24 207 13 158 30 111 104 162 103 213 99 92 79 121 185 84 259 204 125 60 137 144 139 68 15 12 
37 52 210 131 65 137 238 100 222 57 202 271 107 99 156 264 83 66 62 144 20 133 299 159 179 214 283 139 184 265 149 225 47 152 220 170 63 126 
2 222 113 
24 53 167 293 201 81 231 220 146 37 291 123 93 295 288 73 192 224 122 44 243 78 275 208 276 
44 229 205 142 189 223 9 277 130 72 293 99 5 61 171 63 224 265 294 71 34 23 2 20 203 62 190 284 182 243 41 179 14 290 90 74 167 95 191 186 263 48 50 264 237 
