100 154
1 2 240
1 3 986
2 4 253
3 5 440
4 6 57
2 7 313
7 8 807
1 9 160
2 10 800
7 11 876
7 12 365
3 13 523
6 14 686
13 15 509
13 16 76
4 17 772
14 18 290
6 19 498
6 20 289
17 21 828
5 22 692
10 23 302
6 24 489
1 25 559
18 26 505
16 27 678
22 28 785
4 29 981
4 30 306
20 31 205
22 32 127
12 33 883
10 34 301
5 35 601
26 36 127
23 37 448
30 38 570
7 39 596
37 40 630
35 41 144
22 42 927
11 43 748
16 44 963
16 45 628
19 46 197
4 47 507
2 48 761
1 49 272
34 50 121
2 51 688
26 52 343
43 53 884
47 54 436
53 55 260
22 56 32
29 57 659
9 58 435
22 59 477
56 60 883
39 61 703
45 62 703
17 63 558
52 64 36
11 65 723
28 66 869
21 67 150
33 68 97
11 69 960
23 70 72
63 71 821
44 72 77
9 73 233
55 74 899
70 75 954
9 76 417
5 77 919
32 78 743
26 79 503
7 80 198
66 81 637
64 82 403
58 83 539
32 84 900
57 85 349
38 86 998
36 87 199
40 88 575
5 89 465
24 90 927
10 91 426
75 92 252
34 93 835
31 94 670
40 95 573
21 96 80
62 97 885
77 98 313
39 99 799
72 100 922
36 19 498
26 78 401
3 1 916
9 29 491
33 11 605
38 91 907
64 96 644
97 2 467
96 88 956
98 75 571
99 74 681
24 44 660
44 4 567
74 40 995
95 46 719
51 88 808
21 77 567
90 5 518
13 29 700
25 16 542
82 81 566
19 60 907
73 63 852
45 61 410
46 25 847
95 97 813
60 73 769
75 1 859
33 53 511
45 32 669
37 67 408
47 52 542
90 70 130
68 61 81
4 24 418
77 30 690
44 12 138
61 41 689
66 29 215
41 15 836
10 61 69
66 14 544
36 82 937
67 59 324
50 18 694
48 72 440
74 59 663
92 100 584
1 53 926
3 10 961
89 42 40
21 96 983
3 47 683
85 51 972
28 32 930
0 
0 
0 
0 
0 
0 
0 
0 
0 
0 
0 
0 
0 
0 
0 
0 
0 
0 
0 
0 
0 
0 
0 
0 
0 
0 
0 
0 
0 
0 
0 
0 
0 
0 
0 
0 
0 
0 
0 
0 
0 
0 
0 
0 
0 
0 
0 
0 
0 
0 
0 
0 
0 
0 
0 
0 
0 
0 
0 
0 
0 
0 
0 
0 
0 
0 
0 
0 
0 
0 
0 
0 
0 
0 
0 
0 
0 
0 
0 
0 
0 
0 
0 
0 
0 
0 
0 
0 
0 
0 
0 
0 
0 
0 
0 
0 
0 
0 
0 
0 
