100 154
1 2 237
2 3 122
2 4 706
2 5 328
2 6 313
6 7 461
2 8 668
7 9 968
8 10 750
10 11 45
3 12 718
8 13 276
10 14 83
1 15 968
6 16 83
4 17 539
7 18 359
17 19 536
4 20 233
18 21 249
6 22 521
15 23 202
10 24 412
17 25 629
16 26 831
8 27 760
11 28 402
26 29 332
20 30 912
18 31 775
25 32 925
9 33 621
22 34 897
15 35 130
15 36 229
15 37 867
14 38 363
29 39 485
17 40 139
11 41 622
22 42 971
33 43 483
16 44 447
28 45 466
21 46 290
14 47 329
18 48 155
8 49 950
18 50 627
41 51 328
43 52 909
1 53 726
37 54 351
48 55 983
25 56 281
43 57 449
29 58 844
6 59 326
31 60 157
55 61 172
32 62 241
31 63 444
21 64 907
59 65 598
47 66 652
15 67 234
11 68 202
11 69 738
35 70 556
70 71 350
37 72 445
58 73 288
7 74 679
33 75 385
25 76 243
39 77 476
8 78 350
59 79 850
64 80 189
56 81 237
81 82 564
37 83 169
26 84 139
39 85 343
18 86 307
66 87 156
60 88 112
55 89 305
54 90 735
35 91 973
87 92 825
31 93 536
22 94 456
4 95 721
66 96 954
88 97 603
67 98 516
84 99 667
6 100 625
55 43 349
35 19 968
6 1 401
63 86 436
96 100 80
13 42 439
87 92 424
55 26 246
80 7 32
85 81 67
28 56 276
73 9 611
73 9 809
27 58 116
19 26 272
14 24 232
10 75 817
49 22 22
60 79 636
48 55 393
11 73 812
49 56 18
41 94 937
87 99 248
18 57 97
80 47 350
16 84 584
83 89 650
57 75 420
25 88 599
74 86 362
73 58 760
29 32 334
82 14 349
22 47 20
8 76 650
89 16 738
38 93 192
52 23 266
68 100 162
49 29 146
42 1 833
100 75 454
56 100 175
52 89 546
66 67 835
14 67 153
30 99 528
100 35 867
67 42 58
3 49 154
38 19 35
43 5 371
63 24 820
64 22 588
0 
0 
0 
0 
0 
0 
0 
0 
0 
0 
0 
0 
0 
0 
0 
0 
0 
0 
0 
0 
0 
0 
0 
0 
0 
0 
0 
0 
0 
0 
0 
0 
0 
0 
0 
0 
0 
0 
0 
0 
0 
0 
0 
0 
0 
0 
0 
0 
0 
0 
0 
0 
0 
0 
0 
0 
0 
0 
0 
0 
0 
0 
0 
0 
0 
0 
0 
0 
0 
0 
0 
0 
0 
0 
0 
0 
0 
0 
0 
0 
0 
0 
0 
0 
0 
0 
0 
0 
0 
0 
0 
0 
0 
0 
0 
0 
0 
0 
0 
0 
