500 832
1 2 74
2 3 417
1 4 266
2 5 545
4 6 933
6 7 856
6 8 836
6 9 472
4 10 338
7 11 813
2 12 998
6 13 198
6 14 599
9 15 117
10 16 955
15 17 564
11 18 704
17 19 768
6 20 750
11 21 674
19 22 220
21 23 51
1 24 698
3 25 992
1 26 687
4 27 351
18 28 45
20 29 505
24 30 338
22 31 65
16 32 352
14 33 147
26 34 751
27 35 304
31 36 280
24 37 785
31 38 69
17 39 698
7 40 8
31 41 138
28 42 242
7 43 823
20 44 901
42 45 415
16 46 196
39 47 964
28 48 817
23 49 432
46 50 343
36 51 970
19 52 345
33 53 511
11 54 570
54 55 668
37 56 695
16 57 411
44 58 546
19 59 685
25 60 360
41 61 959
26 62 829
52 63 815
63 64 270
3 65 241
1 66 136
41 67 501
66 68 343
59 69 587
30 70 642
29 71 858
44 72 133
40 73 189
15 74 902
34 75 952
48 76 965
28 77 113
59 78 421
35 79 410
20 80 312
9 81 270
63 82 386
49 83 890
1 84 196
69 85 158
53 86 36
61 87 188
26 88 683
54 89 24
82 90 520
41 91 360
60 92 707
47 93 959
67 94 524
78 95 796
2 96 525
33 97 160
35 98 717
82 99 920
98 100 735
15 101 312
72 102 338
82 103 601
42 104 154
67 105 339
57 106 671
65 107 975
15 108 564
102 109 518
100 110 523
19 111 278
41 112 711
36 113 119
18 114 282
17 115 632
95 116 776
17 117 704
38 118 963
77 119 529
79 120 336
38 121 199
32 122 459
76 123 578
36 124 191
66 125 688
71 126 632
80 127 720
50 128 884
41 129 834
26 130 903
121 131 858
104 132 350
52 133 470
96 134 463
23 135 966
105 136 935
39 137 612
131 138 52
120 139 516
130 140 228
106 141 237
3 142 901
35 143 241
20 144 742
89 145 866
132 146 629
122 147 685
12 148 707
39 149 83
94 150 382
130 151 925
145 152 406
87 153 689
121 154 754
28 155 155
83 156 763
146 157 645
98 158 744
74 159 985
90 160 196
154 161 878
123 162 949
16 163 226
61 164 6
63 165 191
13 166 704
145 167 449
144 168 420
148 169 950
76 170 397
39 171 119
122 172 100
131 173 263
31 174 875
167 175 121
79 176 677
22 177 15
100 178 878
166 179 152
18 180 695
155 181 617
135 182 173
27 183 832
89 184 331
49 185 92
150 186 717
162 187 57
25 188 991
72 189 547
150 190 604
28 191 841
127 192 995
180 193 756
184 194 31
181 195 856
161 196 366
167 197 754
35 198 901
112 199 394
4 200 706
147 201 915
24 202 210
66 203 641
99 204 172
149 205 898
105 206 77
195 207 360
4 208 709
93 209 990
28 210 858
48 211 521
176 212 364
3 213 241
195 214 832
186 215 248
42 216 865
84 217 162
137 218 508
169 219 334
1 220 59
7 221 124
133 222 37
51 223 919
212 224 363
184 225 781
12 226 638
4 227 124
91 228 711
20 229 519
24 230 743
74 231 762
178 232 272
115 233 682
140 234 75
137 235 624
76 236 820
236 237 904
172 238 60
81 239 13
9 240 413
205 241 64
98 242 251
31 243 664
75 244 184
237 245 276
43 246 472
3 247 95
194 248 911
96 249 498
164 250 440
103 251 721
67 252 71
135 253 95
107 254 785
43 255 931
82 256 67
101 257 183
43 258 176
147 259 862
156 260 471
254 261 767
122 262 764
224 263 663
65 264 678
236 265 43
108 266 497
156 267 926
199 268 341
69 269 888
193 270 222
156 271 752
108 272 213
87 273 124
40 274 423
13 275 534
159 276 13
116 277 424
123 278 124
264 279 140
152 280 989
54 281 621
202 282 440
50 283 34
230 284 444
112 285 956
148 286 674
225 287 46
112 288 723
187 289 276
191 290 903
198 291 215
67 292 928
246 293 856
288 294 190
269 295 523
60 296 173
230 297 943
248 298 595
28 299 91
47 300 110
87 301 307
299 302 349
238 303 170
149 304 150
137 305 442
226 306 824
156 307 770
22 308 90
280 309 7
308 310 900
309 311 303
284 312 772
165 313 130
57 314 820
309 315 705
287 316 513
175 317 892
37 318 448
138 319 742
2 320 564
314 321 292
304 322 995
102 323 14
123 324 513
11 325 301
140 326 325
171 327 990
69 328 315
106 329 941
266 330 338
13 331 509
178 332 119
230 333 767
23 334 841
213 335 938
18 336 182
37 337 906
67 338 286
161 339 324
129 340 503
78 341 728
270 342 64
114 343 120
293 344 11
69 345 777
161 346 972
189 347 855
93 348 999
271 349 933
175 350 697
312 351 653
174 352 973
259 353 541
46 354 938
277 355 635
3 356 507
101 357 227
275 358 855
152 359 486
219 360 818
15 361 445
218 362 612
180 363 422
321 364 512
83 365 494
317 366 248
66 367 112
215 368 351
202 369 325
204 370 255
251 371 836
48 372 493
265 373 372
252 374 729
62 375 976
301 376 378
102 377 162
261 378 209
38 379 147
3 380 700
312 381 497
243 382 631
233 383 26
211 384 950
180 385 257
256 386 374
73 387 911
118 388 340
153 389 147
194 390 86
9 391 893
319 392 545
229 393 15
211 394 619
132 395 989
34 396 50
221 397 95
50 398 740
156 399 132
288 400 849
9 401 50
74 402 565
188 403 795
282 404 914
273 405 177
127 406 158
191 407 406
388 408 393
137 409 269
185 410 226
236 411 933
252 412 802
342 413 615
173 414 609
150 415 958
330 416 111
207 417 519
90 418 862
9 419 985
85 420 526
237 421 958
51 422 241
137 423 402
270 424 209
380 425 596
19 426 14
235 427 219
218 428 644
36 429 26
273 430 332
163 431 823
147 432 482
288 433 657
417 434 663
214 435 768
296 436 240
62 437 929
261 438 231
22 439 330
8 440 960
253 441 3
344 442 567
420 443 646
156 444 176
278 445 472
179 446 839
286 447 1000
358 448 689
340 449 791
385 450 738
114 451 921
360 452 264
51 453 403
323 454 856
188 455 357
226 456 136
37 457 211
417 458 765
147 459 502
447 460 518
356 461 432
405 462 424
15 463 856
176 464 676
417 465 498
40 466 918
26 467 779
259 468 327
277 469 99
165 470 444
177 471 748
416 472 368
122 473 579
274 474 392
359 475 636
339 476 470
62 477 331
184 478 449
81 479 480
459 480 835
289 481 154
206 482 330
302 483 399
84 484 835
270 485 610
164 486 388
202 487 255
327 488 40
294 489 340
198 490 993
106 491 616
100 492 585
353 493 232
342 494 337
49 495 287
292 496 6
11 497 614
17 498 240
380 499 164
339 500 413
178 460 472
468 117 223
365 319 984
492 246 105
289 269 569
397 108 723
182 431 880
258 13 645
243 476 70
122 447 350
360 427 901
161 140 531
16 406 903
145 239 365
184 251 665
143 335 319
202 200 570
164 324 216
392 87 128
32 231 447
356 10 412
101 287 851
168 491 196
419 364 985
324 308 113
357 64 979
371 500 84
147 491 156
107 144 202
440 121 564
246 384 1000
192 12 162
68 264 744
157 29 402
352 1 777
376 169 534
414 473 214
244 402 151
24 89 303
305 118 546
106 363 140
134 394 820
327 251 859
57 110 620
145 498 89
305 424 18
322 110 670
72 155 457
258 488 1000
61 57 803
3 242 850
261 9 241
331 444 591
347 310 875
245 423 744
232 149 245
473 151 740
257 367 548
337 322 849
123 308 957
169 310 826
141 210 962
330 59 698
106 314 6
184 171 67
133 148 667
49 289 882
99 213 644
222 51 390
30 296 851
378 85 774
174 392 803
27 408 330
196 395 142
418 334 407
194 320 859
382 254 244
166 78 422
150 139 697
457 249 645
2 132 366
286 286 231
411 170 320
137 185 464
425 280 592
28 56 536
498 412 799
19 443 433
263 451 356
306 236 548
174 97 586
335 245 33
200 127 645
279 68 130
220 142 461
308 402 760
405 301 81
153 136 233
159 52 35
442 78 202
140 231 455
247 293 543
76 178 52
353 263 888
437 133 362
27 133 523
232 170 49
305 218 882
348 326 174
8 98 880
176 173 714
223 233 507
301 134 666
367 491 508
260 493 155
421 67 116
98 402 712
20 425 458
383 243 418
485 321 525
235 464 193
186 290 364
146 416 900
345 474 864
39 215 789
98 103 588
360 140 865
359 193 400
285 5 450
53 328 436
105 429 38
108 377 978
197 248 946
351 457 524
163 445 649
263 258 49
485 295 138
465 202 291
232 486 426
8 431 479
102 106 97
38 206 201
316 465 905
297 57 602
204 159 998
180 328 531
290 66 874
223 105 661
177 201 957
322 110 767
497 51 33
336 263 808
449 141 667
83 95 803
309 376 698
100 382 322
126 312 792
38 51 361
334 485 7
286 435 677
365 29 94
248 200 197
373 296 824
154 206 130
485 188 272
226 72 752
285 117 991
131 274 846
70 237 428
120 65 895
68 211 242
45 72 372
197 369 99
125 115 623
322 89 204
75 302 875
474 298 640
376 129 547
461 17 758
277 6 723
287 418 673
435 57 97
342 396 827
250 82 884
108 327 522
34 50 185
244 39 946
365 37 511
467 429 832
163 404 743
170 425 359
122 243 192
168 79 493
396 136 858
202 229 92
218 340 211
463 177 479
148 250 766
35 10 19
385 3 150
5 341 414
417 129 134
483 312 264
7 469 511
89 401 446
333 330 196
426 4 230
226 83 814
92 73 202
457 294 693
26 443 223
435 420 85
420 338 610
215 472 816
27 387 200
443 350 895
132 62 527
351 499 791
53 243 516
327 493 158
395 121 260
268 178 233
500 365 912
170 29 785
131 256 383
499 124 582
88 345 672
366 308 773
156 388 793
356 91 763
342 96 824
458 4 146
353 73 682
360 140 928
209 225 629
375 165 705
29 296 41
422 377 168
464 23 277
385 377 683
486 198 315
161 203 688
27 443 516
399 484 229
167 18 698
250 385 26
105 55 1
294 78 530
463 314 472
194 157 716
365 24 273
490 15 457
349 293 300
310 377 364
97 292 107
166 74 680
441 87 988
374 365 182
319 228 228
246 318 224
151 304 76
19 487 753
344 432 244
285 133 26
359 366 231
461 285 85
2 391 536
480 384 993
370 195 196
312 42 57
180 76 929
460 231 826
103 50 866
345 340 140
266 353 950
31 245 97
148 101 735
287 282 569
498 16 294
27 39 789
182 246 638
499 418 712
65 456 521
15 90 526
363 357 48
173 333 874
175 350 63
154 222 341
235 102 861
113 161 292
243 464 257
356 329 739
405 223 834
465 86 407
287 193 335
2 115 366
483 116 389
43 392 534
410 484 554
42 335 345
63 86 863
350 168 353
191 253 916
327 55 131
500 469 1
372 97 777
297 246 204
275 4 258
120 37 931
4 474 21
76 275 358
262 105 752
128 184 97
477 45 347
363 353 555
413 380 645
37 36 312
437 366 2
323 36 421
111 148 311
329 147 808
155 493 967
160 147 87
354 445 351
473 483 978
218 60 973
321 443 834
286 6 214
168 343 740
48 197 786
237 151 779
366 442 351
124 196 634
47 119 282 47 258 23 29 225 199 123 19 288 148 7 188 255 197 238 275 140 193 233 124 171 296 228 154 219 74 174 183 28 82 78 15 246 110 290 244 159 125 160 1 72 104 204 192 42 
33 297 270 247 129 284 126 207 258 47 13 82 177 168 30 289 91 11 170 108 200 41 230 261 130 76 101 61 279 260 99 274 40 18 
10 273 211 172 108 74 109 171 3 136 218 
42 121 181 42 133 251 59 60 164 260 252 176 47 246 218 91 78 154 103 296 300 284 276 6 221 94 292 107 225 141 152 243 177 211 184 108 215 92 174 106 82 40 12 
21 196 225 236 23 134 201 18 181 73 25 40 22 170 161 250 120 19 291 105 175 39 
24 203 46 130 171 82 80 251 59 151 32 65 213 159 71 85 273 150 43 104 152 256 122 148 96 
29 114 215 83 66 143 68 286 99 270 228 160 223 219 177 86 115 186 126 54 17 221 44 154 118 48 216 214 37 123 
15 283 52 134 126 89 265 247 212 65 106 57 114 71 194 128 
16 44 116 32 278 108 237 145 293 19 155 260 296 198 88 102 10 
7 185 93 261 40 272 113 119 
4 243 193 277 289 
36 154 295 5 26 223 164 285 259 185 280 7 263 236 19 255 20 207 135 37 252 181 76 287 105 127 260 57 67 217 258 128 55 238 83 172 14 
27 106 73 142 10 5 211 6 91 195 39 173 216 266 185 86 198 261 189 25 280 245 227 201 256 177 17 30 
47 257 80 165 239 75 65 160 93 222 28 79 236 230 285 191 129 267 23 261 111 232 70 212 157 174 185 64 218 266 83 138 82 20 120 74 123 30 110 96 92 137 166 188 244 258 52 149 
46 189 42 246 122 181 68 17 104 44 8 79 34 117 265 200 147 123 102 10 212 49 276 62 86 54 31 114 266 47 29 116 39 106 255 126 70 36 264 58 285 268 101 258 40 18 178 
29 163 40 37 134 95 58 79 264 21 117 167 61 127 17 13 182 29 184 87 218 7 277 132 226 94 109 233 49 139 
24 290 65 101 39 169 242 270 261 156 198 181 84 296 165 243 151 114 75 173 102 115 142 63 85 
10 81 184 152 186 166 135 204 13 83 154 
37 68 273 35 140 85 253 190 39 230 170 14 55 60 167 210 112 47 12 237 286 52 133 111 132 298 189 258 24 45 76 183 240 232 262 63 3 145 
43 194 150 28 200 210 91 118 83 119 1 24 9 75 40 27 18 168 16 133 282 285 264 199 249 61 98 250 29 277 55 93 31 108 12 56 112 95 224 223 207 246 122 124 
38 4 73 181 48 238 221 213 66 170 299 68 133 233 220 193 78 249 267 103 244 242 1 2 163 284 283 211 29 143 140 84 145 195 43 89 49 97 135 
25 228 80 120 149 85 243 219 81 210 76 168 77 158 172 115 66 246 180 118 201 249 242 32 142 52 
29 56 41 52 132 92 79 89 109 204 240 263 59 54 22 202 236 230 164 227 71 144 14 18 211 237 278 85 284 249 
41 123 35 76 140 227 132 79 54 48 190 229 213 146 158 163 199 189 19 217 266 162 41 1 177 272 71 12 133 263 101 111 186 62 251 275 45 69 200 284 148 188 
46 91 40 221 88 43 57 277 155 233 168 166 19 80 198 75 25 236 130 35 161 175 45 97 140 181 121 122 145 185 162 153 247 62 156 217 227 69 157 279 256 160 186 73 26 293 216 
34 261 112 153 2 4 185 73 114 244 216 59 289 260 93 191 17 145 165 69 51 138 124 83 8 202 26 42 230 251 274 29 223 240 37 
8 200 16 1 70 122 127 224 166 
11 177 253 169 204 69 291 4 98 288 198 266 
36 15 299 190 56 23 223 31 106 68 43 168 28 6 129 87 252 273 288 66 243 44 137 94 173 118 258 163 99 143 189 278 67 149 37 55 266 
2 59 284 
37 269 254 153 225 267 78 71 110 231 293 142 209 253 31 16 75 300 111 50 259 270 3 251 53 26 133 51 140 275 214 59 239 245 93 222 279 159 
19 116 151 28 289 110 197 271 300 161 164 52 236 285 191 224 21 205 276 7 
40 176 61 52 164 283 127 39 159 247 179 69 290 6 106 77 205 25 151 294 18 225 60 49 167 126 237 145 180 217 158 248 215 272 249 114 174 35 99 280 197 
28 22 21 278 46 135 193 30 71 131 148 256 263 28 228 205 158 73 173 254 18 123 165 113 47 239 286 45 280 
31 18 260 203 139 201 215 161 183 81 298 182 91 270 128 169 69 199 147 259 140 132 274 43 258 214 236 154 137 145 207 63 
22 86 268 78 80 184 265 81 300 113 92 152 201 256 98 17 295 181 88 286 72 70 208 
35 82 245 163 212 209 172 106 187 159 131 167 194 43 84 9 47 48 179 107 56 218 5 88 13 1 275 123 109 140 115 89 145 135 206 199 
9 245 18 210 170 52 25 92 111 142 
23 245 164 105 37 34 148 66 2 48 211 10 124 138 208 193 146 68 106 293 187 269 139 59 
16 117 149 220 252 157 59 42 197 218 136 280 141 82 241 282 58 
32 264 54 76 115 46 164 98 48 3 71 84 44 156 196 147 18 269 121 112 80 79 124 15 73 12 242 10 85 226 122 170 214 
39 109 29 63 221 216 93 86 28 23 64 10 238 277 25 90 295 213 198 211 83 89 171 70 65 194 287 82 242 144 300 116 4 142 75 94 84 59 281 289 
47 102 230 192 294 284 135 166 206 119 207 57 36 241 190 263 156 296 20 96 66 278 200 205 243 16 88 281 56 67 86 259 165 280 224 45 47 89 125 277 257 63 136 185 287 53 274 73 
14 233 86 143 79 48 201 45 235 161 85 260 202 142 40 
18 240 252 15 210 61 261 250 289 56 6 165 244 94 65 257 99 195 245 
12 110 94 268 247 90 20 212 198 118 101 169 113 
38 65 114 34 17 243 165 103 262 244 39 10 217 38 236 30 11 161 6 295 159 98 181 209 227 50 106 197 162 253 80 257 214 139 76 189 238 107 270 
1 94 
14 97 128 13 267 271 190 164 21 211 298 139 93 100 60 
3 4 145 93 
50 111 71 164 234 208 94 85 212 298 235 65 24 142 120 218 143 3 280 26 165 129 137 147 87 232 171 67 166 62 91 257 203 78 35 124 162 170 264 254 199 113 9 255 260 194 182 19 64 284 230 
40 110 251 6 224 125 146 94 201 95 78 81 174 270 141 73 34 114 100 185 232 283 39 273 19 98 272 180 102 29 203 159 269 288 227 91 16 66 234 41 245 
32 126 226 3 246 204 38 59 19 54 261 228 122 144 153 50 151 12 51 42 194 76 43 215 186 13 109 130 244 93 299 120 206 
47 221 1 203 122 252 137 193 28 289 145 38 273 49 264 194 178 196 244 168 274 187 282 13 25 150 245 77 257 107 129 76 201 253 291 231 30 136 83 36 159 116 4 292 138 208 243 267 
34 151 278 204 55 124 38 285 36 147 67 34 264 159 207 18 171 298 16 64 178 130 95 212 295 148 73 49 203 257 122 221 181 176 219 
36 95 19 144 217 185 50 269 88 114 8 124 201 212 104 109 155 199 148 46 214 64 164 83 285 292 291 141 268 22 189 78 98 191 262 274 67 
17 158 32 279 237 253 252 124 47 193 103 243 89 224 28 254 267 221 
6 222 138 64 266 11 285 
1 51 
44 105 89 188 11 251 181 148 169 79 240 289 1 154 179 128 159 126 247 17 7 5 118 95 197 258 94 214 262 61 286 221 83 129 282 70 222 273 138 86 292 114 199 108 198 
41 271 28 287 292 18 189 212 249 174 75 123 183 191 89 155 162 46 65 274 110 171 177 279 282 54 23 36 48 84 280 92 119 91 39 20 220 270 255 139 184 213 
29 198 191 149 47 38 91 205 233 157 214 94 206 197 162 178 195 170 107 37 89 68 254 243 166 61 36 4 204 25 
1 215 
27 220 110 208 36 104 235 83 280 171 129 147 58 223 122 251 29 107 63 105 167 205 154 197 45 123 33 90 
45 293 276 2 232 192 64 26 59 109 74 216 220 173 80 1 160 149 72 256 145 200 42 280 204 261 44 299 246 253 46 249 190 183 189 247 35 202 147 241 7 39 22 214 154 165 
37 274 161 28 120 90 70 149 289 261 162 148 46 18 85 157 178 273 41 206 146 105 87 22 135 216 133 231 299 266 117 141 250 153 215 217 54 16 
32 118 271 81 290 171 14 117 190 163 113 123 296 272 94 174 141 26 195 37 68 285 72 215 186 121 36 112 209 237 90 137 194 
46 123 70 172 198 218 2 68 75 96 194 272 160 125 165 105 126 182 183 29 74 62 94 135 248 200 31 204 159 157 16 164 45 107 273 267 275 57 50 82 190 168 98 213 203 116 117 
9 4 136 176 262 102 22 203 234 86 
26 46 209 26 254 150 169 86 212 63 164 201 7 82 205 193 40 230 39 98 11 78 84 80 175 197 154 
3 90 112 55 
39 97 139 154 159 180 32 186 244 200 290 74 57 109 219 217 158 155 63 105 46 192 143 80 296 22 166 19 280 1 284 211 47 40 160 175 87 94 240 113 
17 1 6 60 209 72 186 158 2 63 18 216 152 22 122 116 58 236 
22 43 163 242 25 195 101 145 30 223 282 141 34 257 99 252 209 71 38 62 124 177 96 
30 146 53 211 148 281 80 288 209 291 61 289 96 118 167 113 114 77 192 277 228 144 64 14 249 176 246 155 100 137 71 
23 68 8 6 46 47 98 101 199 89 94 106 200 32 172 72 58 175 78 237 207 73 229 197 
46 136 89 180 218 253 113 297 41 205 192 39 103 166 77 175 1 32 201 82 226 90 108 31 51 125 163 225 160 63 81 178 99 211 9 8 123 210 118 49 168 71 93 84 233 177 12 
35 140 202 68 92 214 184 252 201 16 234 60 89 241 35 295 128 158 215 167 151 36 245 48 91 30 164 161 283 271 237 272 150 46 103 56 
13 112 123 27 176 115 162 286 135 98 161 251 247 55 
10 4 142 284 244 29 266 59 190 208 214 
18 261 143 223 48 134 210 64 135 231 86 136 196 152 269 23 284 94 3 
28 218 299 220 19 84 145 203 179 7 74 181 245 168 111 46 246 81 146 70 52 256 284 243 175 96 211 48 91 
15 192 282 273 75 189 196 3 252 136 41 35 218 111 11 86 
44 286 147 81 161 256 144 75 48 106 86 42 145 87 105 64 229 95 177 24 165 247 17 52 238 151 196 131 143 8 249 110 115 91 83 101 90 126 93 32 20 271 22 209 190 
30 29 130 109 235 172 294 92 217 268 261 242 33 124 1 54 212 184 218 21 89 113 239 66 199 176 260 150 297 241 103 
21 188 12 157 248 195 47 58 242 18 258 260 215 166 207 75 119 114 281 190 202 62 
9 154 188 122 106 151 292 118 174 81 
5 151 294 69 292 39 
26 169 76 274 281 129 186 28 69 287 67 286 204 144 97 105 70 11 166 10 137 27 68 289 266 160 41 
32 28 150 23 216 142 5 266 269 294 111 275 113 44 52 240 81 287 224 14 2 129 218 132 201 135 238 289 157 30 122 130 285 
40 167 243 205 123 247 219 259 279 3 81 33 145 258 198 75 119 15 140 246 43 46 216 200 102 300 161 135 131 51 96 11 63 142 41 179 106 296 289 134 251 
48 10 226 109 99 68 181 58 26 129 223 130 192 260 242 31 143 104 180 15 253 187 12 131 270 179 252 217 16 293 214 205 171 98 124 154 169 211 103 102 265 224 70 225 290 284 114 262 57 
11 51 167 271 146 38 119 159 67 164 241 299 
1 211 
48 22 102 45 221 178 125 73 226 34 118 69 182 181 253 84 237 25 81 229 167 115 55 193 183 275 249 107 282 234 185 279 48 294 60 170 117 250 156 191 259 186 80 289 145 260 105 192 42 
6 266 168 224 153 270 2 
23 218 212 281 58 243 53 248 79 152 290 279 293 168 236 186 215 139 61 113 246 164 21 254 
39 1 267 148 89 300 19 222 268 145 208 216 77 202 7 209 191 86 168 23 153 280 172 65 57 151 91 55 165 265 231 38 24 9 46 52 206 195 261 109 
3 211 115 127 
16 67 263 176 140 198 76 155 99 238 7 134 109 59 91 255 297 
45 208 175 292 69 272 216 281 39 210 101 260 82 91 94 179 209 229 253 10 145 20 241 243 164 192 15 146 122 269 96 227 156 195 249 231 51 18 120 149 111 242 262 181 54 104 
49 218 204 45 79 25 89 257 225 129 233 193 84 219 280 232 136 29 297 54 176 20 64 281 269 220 222 61 272 213 153 271 74 228 30 201 274 117 175 266 249 254 226 165 38 224 168 151 185 31 
17 201 263 34 172 99 278 249 160 102 120 299 82 202 164 107 291 265 
40 76 163 180 292 221 174 46 200 254 5 238 161 272 48 251 130 231 246 253 184 128 67 264 289 178 118 70 53 41 11 239 245 142 202 10 212 20 24 209 42 
28 101 187 297 278 195 261 277 194 107 91 129 54 8 60 69 214 125 26 262 100 48 177 106 45 56 272 112 258 
8 232 245 168 147 126 228 93 36 
29 171 251 186 205 92 72 244 58 60 217 194 215 95 161 142 132 87 65 69 166 296 34 299 230 62 184 248 10 219 
37 109 8 49 142 163 44 185 117 287 188 262 285 244 122 134 290 164 298 55 220 275 125 145 146 208 277 33 181 89 295 86 75 113 51 245 148 282 
5 127 224 85 280 23 
9 41 266 57 108 3 285 152 276 292 
14 35 116 86 283 41 93 294 60 113 106 155 226 105 122 
5 262 41 252 172 288 
17 48 242 145 99 228 248 290 42 167 204 166 100 300 186 121 4 70 
43 101 55 3 38 49 212 43 95 277 103 262 256 241 220 244 193 109 91 159 142 261 177 58 130 260 100 10 74 88 166 128 111 191 290 158 238 127 190 62 144 209 219 54 
2 184 42 
18 118 59 181 32 262 292 130 100 16 91 144 68 244 191 225 136 86 125 
44 123 76 193 86 25 45 230 274 54 172 32 91 220 245 124 80 70 41 78 151 188 163 269 261 171 116 26 233 33 125 250 69 186 284 251 142 246 150 180 213 139 43 73 170 
44 276 250 261 41 62 50 300 54 294 147 140 97 27 203 56 99 139 166 190 266 185 170 253 150 227 137 28 122 297 114 117 278 183 37 60 119 296 152 134 177 164 285 223 124 
36 286 238 300 70 277 2 168 228 103 83 85 38 150 95 217 216 199 36 241 68 74 56 43 284 144 60 101 271 126 256 81 23 113 166 65 297 
9 52 194 41 181 88 209 289 82 120 
47 22 241 28 209 140 76 278 221 168 233 297 124 96 13 43 298 103 40 29 20 69 102 173 275 232 127 246 114 90 262 21 172 162 5 119 44 86 204 183 74 112 160 83 52 228 138 115 
47 73 89 57 8 105 127 260 157 47 179 80 55 121 37 70 244 217 95 178 245 6 234 202 114 208 201 41 96 259 238 247 271 130 152 224 115 215 17 24 126 187 191 174 236 175 16 13 
44 290 239 183 296 198 238 226 60 157 202 199 25 170 168 220 57 22 55 196 285 200 163 221 299 144 28 77 137 298 187 257 110 88 75 20 228 45 134 87 234 91 31 174 40 
5 43 33 28 35 300 
6 36 265 83 64 27 168 
49 80 234 129 213 219 132 212 49 284 283 299 46 8 92 269 86 33 133 118 42 28 268 178 145 267 255 90 51 226 19 29 114 165 130 79 122 236 32 104 285 241 63 4 155 56 59 183 170 279 
19 7 236 91 198 212 118 218 82 136 269 153 185 225 98 32 23 92 76 44 
29 143 161 14 115 190 90 292 217 136 34 47 255 257 294 98 24 295 147 252 218 58 120 231 138 280 201 78 214 272 
33 238 169 223 67 98 267 47 130 153 61 93 45 256 26 232 34 114 272 293 175 20 246 168 76 211 265 144 12 55 17 2 198 7 
45 203 130 245 86 124 74 150 3 123 167 26 51 75 240 59 45 107 258 271 53 189 162 219 256 33 257 289 213 262 218 193 211 173 296 77 118 35 57 175 82 241 105 268 209 194 
7 169 125 171 97 40 215 288 
19 228 86 85 110 2 54 188 289 1 42 292 147 211 235 125 238 56 179 48 
7 151 119 188 293 157 213 55 
17 161 230 263 122 296 69 239 75 21 146 169 262 180 125 115 188 98 
20 220 206 124 110 40 38 105 42 60 89 178 271 231 84 85 287 280 102 252 236 
19 41 33 201 114 66 156 166 74 17 81 183 97 121 60 226 120 140 23 53 
4 74 207 216 46 
30 111 103 258 147 281 291 167 246 98 66 22 300 189 148 236 184 131 255 290 71 10 252 108 41 117 216 158 230 40 169 
19 103 207 144 287 274 213 29 127 48 296 83 111 123 16 26 98 283 33 181 
27 7 86 239 129 97 287 152 244 259 71 144 66 194 226 180 116 34 153 178 286 52 98 113 248 176 219 207 
8 292 226 8 122 92 55 261 71 
33 288 189 208 24 148 52 146 205 149 150 168 101 125 55 89 169 1 67 244 263 179 5 25 41 224 177 68 3 234 142 232 152 26 
5 127 176 128 284 140 
34 109 98 57 162 242 64 116 187 219 207 255 42 39 150 291 243 222 14 137 276 214 220 294 203 244 45 208 268 232 142 112 278 274 58 
20 268 25 168 177 228 49 222 78 22 164 171 152 143 92 292 79 75 2 69 136 
41 186 277 27 174 276 77 211 194 283 112 234 207 270 117 166 125 71 214 98 65 96 128 134 103 162 278 42 295 28 198 161 193 45 23 121 296 184 89 253 252 138 
28 37 257 294 154 202 174 182 94 133 46 164 260 58 70 45 63 199 135 179 245 95 31 69 99 282 253 184 96 
3 7 246 42 
1 216 
42 192 190 2 266 236 17 58 124 258 285 37 8 100 47 271 294 215 152 169 287 269 91 288 111 15 201 119 283 189 147 89 143 280 233 99 80 32 118 82 259 22 106 
17 270 9 22 10 284 219 223 131 252 90 75 59 280 176 249 33 83 
14 16 120 206 191 70 60 274 204 299 1 121 37 50 18 
46 12 184 102 247 30 163 105 177 3 76 204 235 115 107 220 43 202 225 267 200 253 92 137 173 191 65 53 24 231 245 181 116 99 11 238 114 156 106 280 84 224 197 178 50 91 234 
50 186 35 14 60 275 192 211 191 115 215 98 273 39 212 94 6 42 121 64 292 226 288 286 118 102 147 161 199 143 274 145 108 69 170 92 230 289 142 77 139 68 9 124 4 201 111 181 251 90 133 
36 172 22 179 178 126 39 14 73 98 83 115 71 113 166 80 49 45 118 125 206 161 9 109 131 192 37 141 260 155 11 222 294 79 56 90 257 
20 169 236 271 38 254 174 84 225 137 214 12 6 168 140 107 145 200 59 51 118 
7 300 192 202 230 200 58 71 
37 121 223 97 228 247 214 126 80 45 159 285 70 151 15 43 59 157 107 286 4 123 256 197 234 146 53 65 231 26 20 170 182 163 230 79 124 212 
47 206 49 97 188 254 157 80 100 165 232 47 240 79 98 256 235 18 239 286 45 267 65 105 292 110 155 132 20 109 56 182 48 44 271 252 253 194 114 281 236 99 221 73 87 95 32 202 
5 51 242 97 73 270 
38 200 263 98 23 108 282 173 42 122 143 16 236 280 244 13 180 86 151 221 83 231 267 29 288 225 141 19 9 52 93 253 17 59 274 145 261 56 232 
13 154 21 198 84 50 241 275 219 287 97 158 24 125 
24 262 278 71 226 154 74 119 216 128 59 269 152 254 179 157 56 235 100 138 201 173 52 289 125 
10 263 180 193 299 283 195 188 181 223 277 
9 140 70 29 278 224 295 121 146 80 
10 75 136 226 47 91 220 76 13 120 241 
26 218 34 19 122 261 247 71 176 93 138 245 187 60 25 72 279 251 165 96 276 283 59 228 16 181 104 
7 80 245 160 95 125 155 135 
49 87 214 74 30 164 177 162 96 105 246 33 169 4 279 276 122 173 239 65 191 94 126 231 287 129 131 155 221 61 112 119 75 161 47 267 89 68 14 7 284 192 249 124 233 167 269 255 209 19 
21 127 145 106 33 85 244 72 43 159 128 84 181 174 252 292 55 242 95 110 243 256 
40 244 263 103 201 197 159 69 214 6 187 285 183 29 208 67 284 221 2 75 177 234 142 109 47 194 97 96 250 176 121 202 39 209 114 288 295 124 99 286 249 
49 102 229 168 265 258 291 196 207 4 211 175 199 220 221 71 244 44 11 2 166 278 1 32 125 201 56 141 212 260 171 292 96 187 74 284 235 238 66 202 62 119 182 133 98 206 115 58 105 242 
42 205 201 101 214 292 252 38 182 89 68 274 18 188 195 203 47 231 237 45 251 148 168 233 17 210 257 216 276 42 66 236 9 147 157 81 138 117 123 87 49 51 200 
42 25 47 292 264 107 141 54 194 181 12 58 222 169 26 129 36 231 284 193 223 269 192 77 78 206 17 142 197 85 59 1 138 103 65 49 126 32 68 51 89 66 140 
20 29 113 6 163 208 1 252 186 130 128 274 123 263 40 298 267 10 199 141 21 
14 21 173 71 298 52 154 125 250 244 101 246 39 174 82 
33 68 175 104 213 19 52 181 39 54 40 128 255 251 292 87 159 196 283 20 111 91 218 81 297 53 17 197 106 152 63 131 249 43 
3 49 190 63 
35 159 43 105 151 150 77 278 198 38 8 209 93 264 113 300 79 33 64 258 280 101 290 67 270 82 37 192 27 265 173 80 65 261 161 231 
31 249 98 47 133 284 263 204 79 243 250 188 31 87 258 261 196 139 194 89 120 255 213 177 57 61 231 297 105 182 239 186 
18 153 272 294 18 182 3 158 228 260 229 71 186 232 189 258 89 145 66 
8 192 145 60 265 24 21 115 223 
35 44 220 243 194 152 75 184 285 294 196 211 208 99 50 145 6 256 198 115 20 170 46 21 157 216 83 7 177 15 49 87 234 109 60 89 
3 108 54 136 
38 117 148 81 99 264 155 270 153 160 106 133 79 128 26 285 136 4 268 248 186 282 208 64 258 253 30 214 233 137 173 57 286 32 98 291 39 140 288 
3 125 222 83 
13 72 200 97 295 270 296 32 47 166 112 88 91 249 
6 116 3 256 41 100 129 
25 191 262 237 41 104 13 188 4 46 97 11 51 215 9 96 7 213 241 232 126 261 32 73 38 15 
22 29 245 158 60 107 279 195 283 226 264 136 201 21 276 59 95 270 237 84 90 134 44 
19 284 59 46 281 98 86 184 166 117 7 176 80 4 171 122 298 194 254 240 
5 216 109 53 55 220 
26 80 178 203 201 100 212 169 33 182 97 87 167 179 162 214 262 138 99 49 256 157 134 278 160 115 148 
21 81 108 211 298 254 74 204 22 78 259 234 291 26 71 263 43 237 186 103 119 55 
45 157 9 121 247 233 154 289 104 88 75 207 58 136 117 37 165 43 264 192 184 98 112 189 176 38 158 40 216 137 284 280 66 77 39 197 85 144 138 292 152 140 53 113 201 105 
23 182 290 70 170 124 263 164 192 212 230 282 281 227 233 181 76 159 91 72 288 23 110 96 
31 249 222 286 171 218 203 69 7 22 275 107 96 136 156 192 178 16 292 186 128 185 19 191 137 12 285 232 261 174 288 129 
14 152 6 261 57 100 201 85 114 195 74 278 247 246 281 
36 15 182 74 116 276 41 66 70 146 231 178 57 222 150 155 239 110 122 283 225 54 52 63 64 228 197 285 291 53 48 264 208 69 130 109 29 
46 187 11 2 232 212 167 259 275 142 127 18 57 137 257 243 278 80 242 91 65 151 72 254 263 251 123 88 164 38 68 249 58 7 108 132 148 231 149 197 230 277 103 22 217 233 13 
2 69 117 
16 6 195 118 31 222 135 171 297 33 146 79 291 68 207 129 245 
18 119 92 77 120 87 283 236 214 50 134 29 54 200 22 33 282 170 226 
14 131 123 90 66 28 215 232 298 85 194 205 144 45 130 
1 228 
10 157 2 50 95 61 286 160 264 47 237 
4 93 206 219 221 
8 35 225 106 61 136 228 49 131 
22 248 246 154 51 141 114 271 291 106 166 178 68 260 89 185 187 247 14 215 199 290 140 
6 106 104 41 54 279 224 
23 252 288 5 219 137 65 272 176 3 125 298 107 212 69 156 205 167 122 102 209 245 192 263 
9 90 159 58 49 148 31 227 2 223 
46 77 8 154 143 27 241 213 19 296 216 253 52 294 162 54 7 300 131 92 140 209 103 173 94 221 111 83 84 125 156 275 190 56 20 262 208 120 199 12 283 282 70 234 58 259 99 
47 214 174 210 201 115 294 203 99 274 283 253 258 82 156 263 14 276 120 129 30 41 165 116 275 7 235 91 104 118 67 167 93 134 250 150 187 26 291 131 282 69 106 300 62 260 77 32 
11 232 172 182 150 109 233 174 220 127 160 26 
20 211 125 209 177 66 260 74 273 40 253 26 235 116 21 214 9 251 13 228 108 
4 16 54 85 300 
43 114 210 193 284 19 52 42 86 99 203 181 232 20 164 212 221 206 217 227 170 187 113 76 299 50 211 9 194 88 243 279 58 63 182 134 102 166 281 81 180 248 230 17 
30 257 209 253 134 241 218 254 258 195 26 122 137 36 48 31 88 54 248 29 7 179 81 2 158 220 50 53 203 215 55 
40 270 175 161 22 280 110 187 229 253 219 291 149 189 190 137 127 82 172 285 101 94 204 294 272 84 139 233 150 44 20 192 171 264 102 202 74 14 174 170 62 
7 92 41 23 28 17 207 299 
5 271 116 29 145 148 
17 222 197 114 289 262 162 234 39 60 95 94 22 119 270 77 38 9 
48 24 229 189 89 239 10 44 102 185 236 195 62 52 134 104 22 97 2 300 263 207 94 61 137 171 23 298 272 217 156 50 169 200 136 212 100 41 95 173 187 74 245 295 294 273 116 180 234 
49 198 118 208 154 256 17 239 105 158 214 167 128 80 72 295 110 136 143 47 88 263 123 111 65 93 107 296 59 34 137 170 130 225 134 218 210 19 120 272 159 46 131 187 189 153 269 251 252 89 
45 278 32 112 273 54 290 103 209 108 29 235 216 255 154 19 120 230 134 222 288 74 190 156 223 42 84 182 299 38 97 107 287 238 27 166 76 300 281 207 256 157 245 291 25 141 
32 65 5 206 208 2 143 23 203 79 154 82 204 274 168 49 46 48 118 300 185 256 74 86 227 220 66 181 120 180 137 263 96 
40 15 277 127 90 246 2 273 267 34 228 115 263 49 162 112 125 78 16 179 283 138 166 281 64 135 48 92 141 189 150 9 260 230 40 133 285 165 178 156 300 
14 19 13 159 284 252 297 237 86 233 258 205 62 166 15 
7 39 163 42 200 147 127 73 
15 294 195 88 116 275 162 217 12 63 190 237 138 108 93 228 
18 197 270 256 236 293 135 176 51 17 95 138 8 112 35 170 163 240 174 
31 129 157 247 65 98 193 258 232 259 188 58 78 282 140 73 114 153 244 152 180 24 55 246 126 267 255 136 151 52 296 160 
11 253 121 211 234 89 61 43 265 209 225 42 
30 292 96 214 206 30 218 39 204 212 274 55 63 10 118 1 97 209 42 226 152 156 88 141 119 2 34 158 139 58 180 
37 103 174 16 204 252 40 235 26 249 82 129 25 126 151 188 139 154 265 201 63 211 80 259 160 158 275 44 198 60 49 189 10 170 54 42 248 254 
30 39 191 292 151 23 186 143 14 219 231 3 32 280 165 185 134 144 127 125 45 251 192 210 114 60 117 19 162 41 276 
24 285 208 277 7 124 126 113 151 144 244 288 241 84 294 150 249 3 229 198 282 295 221 166 13 
8 146 140 107 95 198 212 77 267 
43 219 123 204 51 288 108 182 13 8 73 225 151 184 257 230 283 199 10 83 206 275 246 292 247 104 21 109 18 112 117 34 215 210 85 130 241 183 214 102 124 27 277 134 
16 116 294 139 178 180 277 103 290 25 197 84 38 134 249 230 278 
2 196 250 
3 296 155 59 
13 152 27 121 253 258 2 145 214 157 28 62 260 218 
43 103 297 266 262 164 274 205 284 269 129 298 131 256 119 275 86 43 58 3 126 206 246 67 62 278 32 186 294 170 148 243 241 54 165 181 268 69 282 166 252 162 201 45 
31 167 238 34 280 72 188 181 30 100 204 46 135 65 222 192 169 219 117 70 299 57 99 125 279 107 147 109 174 128 264 199 
50 240 239 175 144 14 268 148 183 124 212 119 15 98 199 64 106 264 195 185 67 270 173 207 68 7 130 10 154 125 236 285 114 122 100 112 282 121 61 1 238 247 251 94 109 24 208 164 210 229 97 
17 233 275 65 256 235 257 190 95 292 199 15 118 164 122 263 220 182 
5 212 76 15 192 32 
48 156 140 235 79 60 213 181 193 81 32 29 257 152 74 111 92 31 218 276 261 283 119 247 106 206 147 264 208 244 80 53 135 259 299 88 211 191 12 105 224 27 101 95 47 184 270 188 127 
14 204 78 92 214 196 284 299 208 195 297 2 85 157 116 
1 111 
38 37 85 100 164 262 298 69 94 241 267 295 114 60 200 219 288 260 8 77 203 23 215 99 104 268 143 160 21 180 120 285 30 107 122 198 208 287 214 
16 163 48 246 186 59 36 289 75 228 272 125 106 54 262 290 53 
46 188 126 247 124 99 173 129 266 149 109 255 112 282 193 42 113 194 297 257 261 96 38 213 7 117 291 40 299 90 197 16 61 286 78 162 100 39 200 21 121 63 288 80 201 239 71 
48 298 112 105 70 102 271 84 52 155 28 65 246 16 135 67 119 106 34 161 179 108 23 285 228 90 237 165 99 75 281 249 291 260 218 257 131 152 293 150 288 173 227 2 31 138 275 159 22 
10 222 259 282 180 34 231 287 65 62 135 
34 129 247 82 175 267 222 85 250 266 212 49 113 269 59 1 46 119 263 23 214 148 238 73 210 291 168 103 110 13 185 51 81 28 164 
35 198 24 134 232 210 257 138 190 273 158 130 194 298 292 80 244 159 101 131 229 71 274 236 39 14 62 29 45 220 116 293 156 261 84 147 
44 31 99 6 89 227 172 288 272 163 124 110 162 72 165 159 293 247 64 48 11 15 191 101 105 208 151 19 178 58 27 28 23 132 5 123 271 187 147 79 198 210 185 264 42 
3 40 88 73 
3 152 66 43 
20 94 222 158 14 209 1 243 281 272 151 174 257 241 189 111 154 250 159 297 282 
18 166 293 62 106 100 286 248 137 18 189 36 249 122 267 277 245 85 5 
20 102 31 288 254 296 203 271 189 267 199 149 8 26 214 83 242 126 206 159 265 
32 76 265 285 256 173 118 106 68 88 42 44 58 255 113 83 163 159 247 25 134 11 250 279 260 56 275 75 166 137 205 220 248 
5 106 226 173 128 204 
43 65 104 91 16 156 4 164 161 191 209 235 47 293 233 166 242 290 43 137 2 174 62 19 167 200 71 224 192 11 234 142 279 134 229 149 284 263 275 185 298 173 53 294 
42 250 180 286 209 59 153 112 32 230 72 129 245 225 118 284 98 7 16 155 190 12 173 202 187 269 140 159 125 38 128 268 217 75 270 296 108 146 81 149 183 212 119 
42 120 153 17 99 143 223 107 11 257 60 63 168 215 127 24 128 260 249 104 124 86 131 165 192 244 2 122 214 98 267 45 196 142 115 101 164 180 149 255 224 56 216 
12 124 117 146 237 84 24 294 224 214 217 261 23 
17 84 46 278 286 186 49 52 138 1 2 42 88 137 233 18 112 268 
45 289 97 69 146 263 282 101 95 220 174 40 102 283 78 186 73 139 280 256 255 125 150 93 9 132 281 249 241 82 258 247 122 266 167 196 55 37 297 253 118 13 84 189 11 26 
26 297 278 119 134 15 132 236 16 157 248 54 76 224 61 279 284 40 12 287 169 8 277 122 259 266 153 
37 150 246 2 183 228 121 268 282 219 221 92 276 142 70 43 194 288 238 112 106 115 175 56 13 262 103 255 196 125 100 129 134 247 154 274 217 146 
40 225 55 258 236 34 35 115 155 47 284 253 159 36 5 25 179 227 29 234 224 31 230 111 134 90 104 142 82 95 141 67 65 53 209 177 93 151 149 160 27 
19 133 33 128 290 280 257 211 52 278 222 146 191 30 255 89 164 90 283 38 
50 218 119 116 79 121 134 270 162 276 196 173 185 215 118 76 211 148 284 228 273 18 51 40 100 289 220 117 37 171 232 53 247 264 277 156 234 265 169 101 30 255 17 95 93 137 239 81 249 56 193 
29 113 91 41 90 234 242 54 2 79 300 196 68 271 289 69 246 251 130 192 75 222 189 197 261 206 100 48 13 143 
28 155 258 131 121 89 66 296 227 80 120 269 122 165 10 9 171 234 55 111 104 273 187 244 97 247 232 45 235 
37 87 59 238 121 185 95 119 106 55 33 274 123 281 83 184 233 93 171 289 24 128 11 142 37 175 215 218 149 183 236 179 91 242 174 256 173 82 
37 124 143 76 150 262 154 202 225 224 147 275 28 299 113 127 22 16 136 163 15 174 48 64 243 60 66 78 292 77 272 3 144 204 247 192 223 261 
40 152 144 45 153 158 19 146 18 77 256 157 120 57 296 178 2 261 81 248 36 213 65 10 210 118 282 112 299 252 223 176 207 32 281 244 148 155 122 114 254 
26 124 262 33 6 166 270 45 231 223 68 126 227 257 138 85 201 236 57 242 240 199 108 73 273 214 121 
19 174 59 125 133 220 207 91 200 73 167 209 142 160 162 9 217 245 21 215 
36 104 72 250 87 269 79 44 58 70 34 161 263 234 289 160 146 99 278 127 106 93 192 186 47 90 190 170 222 162 262 94 259 280 229 296 86 
43 245 202 135 172 124 221 131 70 197 222 298 4 253 234 275 215 118 273 68 247 263 271 266 148 82 259 149 183 229 279 167 117 193 286 255 283 138 59 29 228 93 58 192 
42 5 172 11 136 112 248 184 286 238 83 13 174 28 180 34 292 66 157 71 20 50 269 2 294 40 122 189 62 124 224 202 194 93 152 173 166 288 272 123 47 88 119 
15 9 298 193 226 45 90 128 149 294 13 94 218 254 241 42 
46 298 207 212 210 206 280 181 90 109 114 149 178 289 300 99 274 197 285 75 63 100 76 238 115 182 151 283 94 88 10 259 25 83 117 269 208 261 222 3 116 29 60 270 24 271 112 
34 254 40 120 180 186 164 121 110 39 178 295 267 245 170 168 191 136 181 38 94 96 206 256 118 230 41 293 270 264 12 288 201 77 29 
33 175 24 204 278 22 211 269 102 96 3 215 200 107 246 65 187 120 165 101 241 89 17 133 127 5 106 203 195 62 225 189 208 237 
7 164 86 262 243 223 228 163 
5 123 244 242 98 122 
22 126 245 210 31 83 152 260 229 221 267 190 241 235 71 21 22 176 159 291 124 170 160 
37 159 49 95 109 141 130 75 232 9 40 275 91 77 295 52 196 162 108 263 267 156 54 208 76 133 272 220 115 183 60 145 10 200 239 238 209 117 
17 76 175 174 227 173 240 24 196 151 81 155 121 269 120 182 83 292 
20 117 170 191 49 221 146 162 225 91 59 105 52 15 239 215 58 128 28 106 193 
4 161 191 89 63 
8 33 234 224 117 141 61 259 248 
37 27 250 61 230 40 244 224 179 252 203 8 194 85 292 181 183 133 161 204 122 254 213 156 98 275 105 43 104 113 187 200 177 249 298 2 119 81 
9 275 59 182 293 166 135 75 180 242 
6 258 202 297 32 232 184 
39 78 272 2 107 271 246 297 283 63 198 149 258 138 125 287 282 12 244 168 259 221 280 79 3 131 100 157 228 99 294 109 185 252 51 137 161 40 47 156 
40 8 264 15 159 169 250 124 136 133 146 247 21 260 132 163 63 84 292 290 56 94 41 80 72 40 148 287 299 174 213 74 30 138 82 91 108 117 62 219 109 
29 151 14 51 122 74 86 58 196 220 11 240 130 5 239 91 144 173 149 114 184 296 87 257 163 138 288 133 219 16 
39 107 166 156 157 277 141 281 186 69 22 31 39 288 203 217 58 26 8 167 150 208 46 146 74 113 197 151 10 111 20 108 224 34 200 278 136 144 117 13 
10 81 238 46 211 85 139 134 99 18 281 
31 42 208 237 103 3 155 68 137 125 69 131 239 44 277 13 260 230 267 221 274 5 289 288 60 248 117 82 95 191 136 47 
2 293 154 
45 70 219 238 90 109 188 186 247 242 4 215 85 105 206 222 235 165 47 106 119 58 267 27 227 39 194 45 137 181 184 125 82 260 210 237 34 271 265 15 152 252 204 136 292 120 
36 266 271 135 128 58 101 39 273 218 274 195 207 216 174 96 225 31 258 134 242 202 6 154 182 283 38 294 44 159 85 245 260 263 147 170 168 
15 48 162 267 300 1 156 70 163 192 10 221 133 87 18 165 
50 200 117 1 157 196 253 278 184 80 5 220 224 214 205 41 88 140 10 182 46 166 286 283 131 176 154 114 74 145 29 235 169 280 281 172 223 26 219 50 187 63 263 246 95 91 299 84 86 180 23 
8 121 73 182 298 29 219 200 154 
48 133 237 227 71 275 48 86 149 104 64 57 212 154 43 181 146 81 54 170 234 75 279 151 6 246 174 283 66 50 96 111 265 211 282 222 56 236 256 82 137 129 255 188 299 113 59 232 34 
22 54 44 244 203 146 64 163 52 219 190 102 259 265 173 100 131 109 222 269 31 51 96 
43 136 253 297 223 270 157 62 218 165 134 288 231 248 55 193 144 191 103 252 107 45 4 127 89 233 91 82 189 86 123 298 280 289 171 196 61 40 27 48 209 152 188 204 
41 131 253 46 95 29 261 44 83 235 62 296 48 299 125 186 177 198 79 132 22 47 201 168 78 223 121 187 31 205 243 180 142 76 256 300 246 84 163 129 137 286 
12 67 72 47 120 118 207 25 263 66 95 198 159 
22 158 127 155 273 211 191 35 62 130 264 8 106 181 57 218 225 241 58 50 220 110 137 
13 237 33 137 47 57 54 55 151 129 111 286 84 162 
8 35 246 299 26 147 17 96 245 
4 49 185 163 274 
41 214 260 170 75 259 183 207 96 132 151 240 111 274 279 186 141 261 68 2 225 29 83 145 123 247 288 228 39 181 69 17 266 190 94 218 82 224 5 204 255 219 
9 37 193 97 124 228 8 135 219 30 
18 191 116 196 171 286 276 179 151 189 285 251 174 23 126 235 176 112 197 
34 56 189 270 279 112 215 243 28 42 282 295 113 133 103 255 40 99 155 60 96 198 245 300 141 267 181 184 54 85 226 117 51 237 273 
3 54 78 237 
30 245 271 145 72 277 208 238 255 235 54 133 70 300 8 243 73 36 276 69 222 34 240 290 146 199 294 111 91 77 100 
6 17 94 268 227 205 261 
27 87 240 86 92 177 60 144 135 217 103 256 227 75 293 93 77 264 231 41 230 298 24 186 159 242 174 130 
33 251 226 160 8 112 77 19 80 66 156 53 153 94 62 90 108 91 230 238 210 20 181 138 202 59 101 110 188 267 242 187 9 200 
24 293 287 36 259 124 201 112 156 175 222 154 207 122 239 299 276 27 237 221 140 9 210 146 7 
9 103 105 61 197 213 228 79 269 161 
33 256 111 32 144 162 270 26 96 195 151 125 205 235 112 6 89 228 76 136 165 54 122 13 72 239 185 197 245 2 247 259 163 119 
10 260 134 277 161 114 14 24 273 196 280 
25 157 5 277 144 245 274 86 259 275 32 183 67 193 68 27 167 125 106 128 264 242 173 101 65 138 
30 157 119 23 83 146 198 199 258 217 203 79 262 144 108 124 84 237 136 187 150 57 184 99 292 9 54 166 252 167 32 
10 64 120 21 11 41 297 49 300 159 195 
33 138 76 158 104 143 296 229 220 35 56 136 53 263 300 98 58 108 60 275 37 72 286 163 159 1 216 289 249 117 144 89 192 282 
39 264 147 132 148 140 108 272 275 146 69 202 15 106 145 194 90 109 224 2 169 213 187 13 79 53 10 293 100 252 201 180 144 58 35 235 36 21 20 37 
14 37 112 172 202 5 267 31 211 1 157 130 102 114 167 
6 70 94 17 30 165 2 
14 60 222 110 157 212 252 268 89 34 106 231 67 299 79 
42 162 289 51 70 203 10 151 267 2 222 254 143 189 192 148 280 8 103 75 126 217 249 240 173 247 43 55 38 202 106 206 14 15 11 224 181 275 230 134 209 147 266 
47 230 49 263 255 42 65 116 11 221 146 76 280 130 99 126 214 285 209 8 152 173 182 79 163 181 70 290 118 113 218 19 120 122 121 206 220 22 165 212 298 141 18 82 53 15 156 264 
40 264 223 26 188 5 142 139 37 140 10 46 78 53 274 105 43 62 11 295 204 171 182 128 90 36 221 235 147 129 34 119 244 146 269 193 200 18 241 178 149 
11 67 101 59 135 184 56 107 30 281 241 51 
22 291 167 284 127 292 59 142 234 161 238 100 144 20 276 244 81 163 102 254 157 162 104 
29 70 194 235 233 98 200 144 179 127 47 97 59 50 118 33 3 241 245 40 193 278 120 100 272 14 176 277 56 166 
18 299 92 286 216 58 170 107 279 201 247 231 269 75 39 158 204 22 43 
1 244 
44 84 204 278 112 183 6 280 97 152 272 235 5 88 261 294 188 266 164 145 26 215 104 190 250 64 290 13 36 292 163 23 11 213 125 240 30 175 129 24 99 228 193 208 137 
31 180 151 103 86 221 204 155 266 135 247 154 259 104 275 300 178 1 60 101 14 264 57 156 83 297 291 238 55 146 287 255 
14 254 99 289 184 244 120 272 113 136 98 295 145 284 230 
20 128 291 127 95 122 103 175 142 152 84 269 206 157 27 114 68 293 161 229 1 
34 8 154 255 239 78 99 283 37 31 122 65 84 270 149 228 106 286 79 200 182 163 114 245 243 26 235 9 240 234 166 260 6 86 194 
37 266 15 140 45 1 205 220 192 263 136 187 198 12 42 293 267 73 101 181 116 283 222 291 112 39 170 74 149 167 159 13 236 172 22 65 168 211 
4 138 294 166 273 
34 215 47 106 225 251 113 37 173 297 300 4 110 171 97 116 119 122 174 231 261 253 153 291 51 226 92 71 141 247 72 95 16 155 58 
21 296 65 21 277 138 158 169 293 288 45 218 121 175 147 120 23 200 195 183 79 265 
26 253 141 245 186 60 82 298 3 268 55 27 222 100 275 287 86 15 271 49 228 138 125 96 220 110 133 
2 235 300 
19 47 269 254 18 231 77 232 174 286 103 214 173 155 109 153 80 67 48 142 
41 138 263 277 60 79 6 20 253 187 113 191 244 218 177 231 283 46 227 288 108 128 281 40 270 120 150 165 245 162 156 237 16 125 222 2 71 264 241 186 174 61 
48 26 184 32 36 183 97 223 286 1 127 93 146 258 296 163 82 152 175 219 48 56 208 100 13 168 187 243 285 207 147 41 202 88 179 3 271 42 229 61 11 278 9 143 108 155 15 81 114 
21 31 53 163 14 27 217 94 119 254 5 298 89 192 285 38 190 258 238 196 102 120 
24 80 250 46 215 5 40 111 138 64 258 221 2 176 190 120 139 75 51 133 300 259 153 264 56 
1 148 
4 300 198 156 183 
24 227 198 211 105 158 224 146 234 72 144 99 193 138 8 66 143 239 98 29 94 186 267 4 288 
24 152 170 3 97 94 157 99 166 139 234 300 186 287 241 298 221 10 133 7 15 25 267 90 134 
40 203 137 199 123 232 100 159 11 42 138 105 237 195 273 186 234 182 8 249 93 102 298 66 207 277 29 247 228 284 230 213 225 156 154 254 145 101 283 211 201 
30 111 5 229 175 78 281 283 50 238 63 54 219 285 240 23 127 30 13 140 129 65 227 67 193 19 84 46 224 169 45 
42 175 101 254 78 62 287 143 116 20 141 256 109 181 205 8 258 243 14 277 77 137 85 235 13 121 222 98 99 37 88 33 138 49 272 50 252 124 155 25 45 89 244 
29 73 254 268 21 179 149 183 290 262 81 272 297 184 182 111 40 153 146 35 194 140 227 92 118 148 26 97 190 46 
14 11 28 99 86 66 20 208 210 248 190 133 128 272 289 
48 266 12 237 14 28 10 165 223 279 99 196 171 116 53 76 172 299 255 51 110 36 158 138 166 273 243 78 98 39 144 106 297 132 217 143 126 56 131 124 168 186 249 20 37 236 181 137 159 
25 134 150 124 267 75 138 104 185 87 263 225 91 283 174 271 78 69 191 175 22 294 206 164 277 34 
3 16 257 230 
34 48 241 259 149 63 160 169 89 129 26 279 278 47 248 293 197 9 266 109 7 6 79 86 187 231 235 14 97 15 227 52 190 50 299 
9 121 104 28 2 130 8 260 93 128 
34 78 199 156 195 72 11 232 55 103 69 45 180 205 6 113 259 29 64 204 275 108 290 295 147 173 52 61 87 251 118 281 141 10 119 
5 213 214 278 117 103 
50 286 104 262 260 169 51 296 231 98 54 130 209 251 111 230 200 181 221 100 86 270 94 16 38 219 84 154 157 113 285 289 93 32 156 238 204 172 53 263 166 216 72 124 212 142 188 291 253 195 35 
17 18 153 114 8 95 241 253 237 185 254 246 61 122 64 213 199 149 
13 46 25 259 103 78 282 99 290 223 28 24 257 1 
41 293 257 278 78 269 114 167 104 59 109 196 156 85 72 17 248 299 15 217 66 93 71 80 262 6 24 131 272 158 121 96 102 48 280 110 165 137 264 74 56 25 
6 233 57 119 227 14 214 
16 140 169 287 100 288 126 133 251 277 161 134 241 63 105 25 97 
33 159 93 4 250 218 147 126 40 132 248 255 63 270 142 261 158 278 289 217 212 207 48 138 281 280 189 274 230 28 46 129 186 35 
3 261 51 111 
36 183 91 143 197 292 12 265 207 86 165 275 268 148 20 73 102 117 82 130 89 7 176 155 159 16 282 9 85 158 144 173 40 213 72 76 273 
26 32 2 268 195 290 234 289 170 60 16 67 166 191 97 211 31 7 33 273 43 1 255 237 217 219 87 
30 91 166 222 142 195 18 59 152 233 122 124 242 232 256 243 70 103 213 229 274 265 83 88 2 125 120 300 79 110 20 
39 94 180 124 41 257 171 32 142 197 111 23 29 182 216 167 108 230 99 164 9 67 165 134 196 85 120 188 89 217 132 287 131 100 121 226 172 294 144 199 
46 46 34 51 104 132 4 90 25 254 256 26 166 178 6 219 163 212 159 24 261 126 12 206 155 185 21 128 20 91 174 79 239 150 47 133 287 59 293 56 55 116 231 169 184 165 192 
13 52 128 46 229 135 195 244 272 296 119 214 173 110 
26 203 255 209 100 235 79 28 246 69 293 172 19 163 226 259 26 125 198 154 159 216 275 281 185 188 42 
29 152 45 154 74 234 70 276 114 166 50 279 121 226 238 241 73 217 246 6 237 244 253 81 95 59 220 227 115 135 
39 56 165 159 231 218 202 60 182 117 153 233 201 200 157 271 194 150 25 300 228 77 275 55 277 58 103 216 23 223 257 93 286 284 39 247 169 212 31 180 
24 32 26 218 283 121 42 273 17 268 114 171 20 226 79 53 108 224 289 137 198 15 255 216 188 
25 214 246 235 224 262 33 213 85 268 74 16 229 256 279 163 157 166 253 210 255 6 138 295 116 32 
42 264 12 112 33 46 105 239 212 250 177 144 173 41 166 216 97 287 60 227 82 298 86 142 249 155 49 181 20 219 104 225 58 78 11 172 27 124 198 205 129 122 47 
20 248 68 224 113 186 195 166 35 153 69 139 266 177 207 109 233 122 96 88 47 
45 283 39 20 234 50 280 214 154 248 54 229 98 4 175 290 171 74 166 184 72 38 299 202 71 250 42 109 177 164 268 80 287 273 53 179 275 153 210 30 189 279 157 86 294 259 
38 223 298 122 176 286 261 256 72 62 205 28 161 75 152 282 88 274 90 259 57 210 9 180 44 194 185 225 248 184 68 242 211 99 191 108 56 112 300 
50 66 115 48 45 103 184 169 91 129 10 249 195 109 60 188 70 49 173 199 83 272 37 239 180 56 178 219 236 257 281 202 138 135 54 114 65 101 267 215 243 295 16 201 204 55 208 13 283 132 203 
10 110 253 263 216 194 191 293 181 296 93 
10 186 88 13 7 78 133 198 165 98 290 
25 265 33 282 132 75 27 45 64 189 22 151 126 23 208 53 1 251 252 99 37 29 4 116 267 76 
32 168 143 79 6 201 264 117 105 228 96 287 263 245 222 291 90 139 281 238 62 84 16 272 224 215 179 43 153 157 94 203 35 
40 202 185 232 128 60 37 127 13 45 124 35 16 19 233 138 288 29 176 168 136 51 234 33 295 133 53 87 180 249 25 91 66 254 109 169 211 96 215 281 28 
34 33 46 226 296 11 148 82 12 162 158 106 147 20 4 154 109 117 45 155 19 77 212 73 36 284 25 52 179 137 285 47 141 174 5 
49 180 54 124 293 46 18 239 277 178 191 176 220 127 173 200 53 8 266 149 232 69 276 287 236 60 225 37 74 34 218 219 22 248 206 138 285 165 269 272 205 184 171 255 297 35 6 270 68 112 
47 108 26 111 135 3 127 287 104 14 113 192 130 174 110 168 229 189 39 47 269 152 300 225 147 292 191 188 181 140 286 156 259 35 201 254 112 206 133 272 298 115 249 80 265 210 5 116 
27 114 209 230 282 221 211 59 84 54 52 233 113 73 216 202 37 270 143 253 56 45 115 19 10 285 82 260 
42 248 12 115 276 77 262 235 18 171 89 200 40 181 229 289 288 238 135 39 61 20 145 194 250 243 247 17 19 234 164 58 267 232 143 259 195 252 136 31 149 153 93 
31 34 87 105 231 134 178 200 280 295 14 233 262 251 28 258 172 300 7 146 16 47 213 263 261 90 237 245 75 162 153 181 
29 232 67 157 13 243 190 70 295 230 170 143 132 74 99 82 212 228 110 172 237 52 269 139 164 165 285 48 138 161 
31 112 151 60 198 27 67 215 31 50 281 144 20 135 278 145 279 56 259 288 170 191 126 131 42 161 296 237 211 113 203 175 
38 294 225 172 188 26 123 118 255 266 173 79 70 129 214 244 234 32 100 114 189 133 64 226 58 233 247 240 168 80 205 273 180 275 83 257 196 30 229 
46 142 203 223 255 41 86 243 229 120 193 166 143 97 118 132 272 113 71 283 147 31 168 76 244 8 197 190 111 173 145 83 134 106 49 205 289 109 39 139 141 96 183 231 51 14 286 
44 114 23 62 141 163 152 280 115 20 134 217 283 274 298 233 95 128 243 232 254 60 1 161 257 16 106 22 193 286 160 38 205 259 137 261 277 189 180 207 111 156 260 117 214 
16 87 48 269 232 142 222 82 108 90 261 69 174 243 109 288 57 
17 13 239 36 39 245 72 103 49 65 234 186 127 131 95 113 295 211 
34 196 254 106 210 137 219 29 116 128 262 174 299 238 20 47 138 113 272 198 70 22 2 300 164 267 115 289 293 298 251 92 111 202 95 
50 12 71 64 75 41 261 183 146 107 279 23 57 87 276 142 17 88 292 37 233 198 141 220 266 253 111 76 47 287 13 91 239 230 188 201 296 149 158 113 60 132 260 18 115 112 79 200 178 139 155 
43 248 215 15 230 91 107 288 147 277 237 191 157 10 68 213 165 86 158 155 179 114 283 108 67 123 138 131 204 240 43 124 199 113 180 296 266 75 257 84 120 270 7 58 
15 117 120 144 276 90 137 104 245 35 261 225 167 124 223 209 
37 17 65 213 225 258 128 6 192 60 290 130 137 19 13 141 133 168 25 77 269 194 93 20 139 123 171 49 22 104 266 176 129 237 251 198 66 221 
36 112 51 82 122 210 52 295 195 127 186 199 108 223 151 262 84 77 135 289 4 31 247 194 273 7 152 71 163 38 240 147 46 37 157 36 220 
12 154 244 5 233 291 137 48 98 189 195 3 40 
28 127 205 199 269 128 74 227 293 119 198 240 30 133 179 204 283 191 228 288 131 196 287 109 47 68 89 209 239 
23 114 259 49 5 66 90 151 228 22 221 299 7 10 117 62 26 131 63 243 223 136 252 293 
20 229 189 211 66 20 262 53 208 57 257 264 206 300 39 33 70 95 116 271 54 
48 258 45 229 163 73 232 169 46 154 187 267 1 204 21 116 235 144 118 218 231 36 14 44 126 294 83 141 23 217 80 268 112 25 250 131 167 263 186 224 68 230 31 150 269 202 182 103 265 
19 227 201 41 79 19 115 25 265 33 23 184 43 100 245 22 62 171 127 180 
28 33 198 208 221 48 62 173 234 54 133 218 132 162 269 200 207 56 21 224 148 144 112 52 163 242 4 215 47 
36 246 64 193 188 25 202 50 271 214 210 70 130 175 221 106 44 204 248 289 88 163 208 146 9 203 23 220 211 192 144 281 245 117 171 276 62 
37 192 109 32 110 80 226 294 63 221 121 113 10 34 287 23 257 222 183 209 122 174 16 45 19 24 139 245 92 227 243 130 11 128 297 175 267 101 
13 261 300 190 296 233 119 241 69 201 105 134 54 95 
23 254 47 178 54 143 211 80 288 216 74 226 42 16 217 27 128 252 197 67 261 28 244 113 
38 196 68 151 21 94 234 184 287 14 32 163 110 63 159 204 194 284 173 180 112 150 18 279 240 26 38 257 262 90 157 263 256 64 133 238 174 107 276 
26 90 232 10 1 4 153 46 65 105 148 247 184 119 298 80 287 60 113 152 260 199 103 43 251 74 76 
43 218 248 39 5 231 285 299 229 65 227 27 263 187 52 92 225 219 245 254 174 50 161 98 282 58 156 150 295 24 81 261 86 298 220 141 163 137 221 132 142 215 262 203 
9 106 291 49 157 147 97 107 172 207 
2 189 295 
13 296 97 222 184 211 80 269 152 163 207 8 71 5 
49 32 74 265 198 95 55 278 181 240 170 148 280 284 186 149 195 68 199 212 59 133 91 42 296 203 83 143 82 173 54 183 14 254 171 192 214 12 217 141 47 18 41 197 142 187 193 80 271 231 
34 192 4 49 28 33 122 159 283 281 220 156 56 129 91 80 293 167 108 19 178 114 161 185 179 140 62 164 219 100 37 144 27 150 85 
39 229 192 106 74 197 9 210 174 13 38 277 8 39 87 55 41 207 158 201 239 234 125 178 42 227 296 217 236 224 34 67 60 244 83 20 208 286 73 25 
43 99 272 283 116 44 123 24 159 20 18 45 75 72 84 140 113 13 248 108 262 192 50 221 138 34 204 164 231 104 199 165 284 82 296 230 7 242 270 11 144 51 291 180 
19 38 105 240 256 59 279 157 103 107 267 124 161 9 175 236 48 60 87 15 
22 53 121 32 131 103 145 143 243 156 70 268 190 286 213 94 16 30 224 176 112 44 158 
6 232 95 169 63 126 12 
17 51 158 78 284 3 99 294 108 273 29 36 235 254 75 137 118 67 
50 213 144 45 113 123 261 204 291 125 37 80 176 32 160 191 141 257 150 53 196 262 118 223 181 137 171 93 148 202 243 114 130 224 168 119 146 212 267 44 239 97 40 228 266 4 96 277 9 132 286 
35 258 43 275 231 232 26 185 183 257 123 264 194 203 72 276 162 281 37 135 128 201 262 156 147 81 159 287 137 222 95 134 169 145 184 33 
2 144 152 
15 137 76 240 134 212 221 189 144 74 259 69 158 238 299 207 
5 192 213 151 189 255 
13 28 219 124 146 193 47 41 224 37 158 170 266 162 
8 131 259 171 263 265 124 160 38 
42 285 118 29 27 80 228 251 268 293 146 59 171 2 240 234 68 77 130 249 28 224 136 112 170 78 94 65 62 165 230 259 41 92 204 96 162 158 52 217 21 248 277 
11 253 70 143 220 23 47 213 248 164 170 250 
27 30 96 196 38 184 40 228 69 60 267 92 126 102 18 262 186 235 286 206 218 5 127 161 287 260 282 32 
31 42 3 2 226 178 292 117 11 140 286 168 276 158 103 210 230 78 47 203 43 225 150 20 69 284 266 297 110 135 27 188 
43 276 12 200 211 70 137 175 127 288 38 193 252 26 148 130 163 113 56 194 9 176 159 293 98 186 100 154 122 88 117 16 81 262 230 50 232 178 265 121 268 3 32 104 
50 162 167 280 171 117 67 33 184 66 216 59 126 120 255 27 143 251 277 175 85 81 118 256 114 1 99 35 95 10 97 4 83 276 264 174 245 278 124 233 287 267 50 236 208 149 265 178 135 64 104 
2 18 148 
45 84 132 98 159 57 148 265 122 75 282 177 9 20 77 145 79 283 188 138 109 108 91 56 33 92 32 238 54 121 83 156 161 14 67 215 186 178 58 110 272 281 116 244 130 200 
19 136 10 23 91 145 12 113 15 71 201 248 261 67 289 277 218 250 24 33 
17 83 145 36 221 11 173 275 197 186 261 181 13 228 208 167 96 260 
22 124 83 104 192 221 173 165 174 98 243 28 195 97 250 121 219 228 31 53 45 118 149 
28 244 242 171 297 4 228 147 195 250 66 237 267 63 218 222 277 96 266 137 7 146 94 224 73 198 29 124 269 
11 188 33 217 47 9 201 123 16 298 95 169 
14 24 181 166 180 163 193 289 46 247 82 17 174 265 202 
43 171 282 11 117 5 131 200 152 151 153 18 51 127 39 106 46 101 10 33 85 70 162 241 290 262 123 218 281 69 207 59 7 9 15 6 222 97 52 111 294 192 30 72 
45 269 137 299 17 180 26 61 217 160 94 250 129 23 66 295 57 42 149 249 81 122 185 3 47 78 53 237 71 157 186 228 226 243 123 174 284 132 124 241 215 155 263 90 106 107 
37 88 112 62 281 148 293 55 169 198 26 124 186 71 9 273 170 216 57 177 24 74 290 59 14 115 72 249 99 274 73 194 60 56 149 76 96 39 
26 293 166 85 276 241 83 156 77 200 132 191 277 209 123 296 268 226 25 95 287 183 60 254 150 151 229 
46 26 39 275 138 146 274 7 83 87 160 55 12 298 61 24 133 252 163 261 30 267 175 224 68 28 1 286 102 72 54 161 10 111 101 103 63 232 276 88 167 270 42 122 38 11 204 
18 116 2 98 34 128 168 24 196 185 54 119 281 13 210 250 117 91 223 
35 160 291 35 157 150 63 239 241 252 29 237 90 43 48 30 244 101 28 285 44 107 133 175 36 22 37 195 170 253 287 25 292 257 260 221 
49 208 297 23 177 27 195 204 7 144 143 159 52 277 154 95 241 188 197 80 173 100 222 40 243 101 183 259 142 120 270 298 9 206 31 78 35 178 193 192 71 213 29 285 126 276 90 109 249 211 
31 105 8 32 258 291 248 16 69 299 180 207 171 263 254 21 17 125 168 18 66 166 204 120 89 178 49 255 68 37 208 241 
19 99 44 139 130 280 119 63 216 271 89 201 289 232 49 37 85 70 41 117 
33 108 133 221 105 202 96 97 218 77 144 12 150 188 270 182 205 2 99 214 62 158 194 29 280 273 185 254 112 281 74 127 237 198 
47 63 39 219 112 212 43 16 20 110 174 277 281 146 41 36 122 181 241 164 57 215 49 126 172 45 197 178 134 177 77 257 258 269 285 256 75 31 78 137 180 268 237 152 14 199 169 88 
3 128 5 171 
46 193 205 164 30 169 140 172 189 12 11 133 241 299 21 48 84 173 251 149 219 210 74 216 96 275 99 112 222 204 94 199 271 174 63 119 184 59 298 233 6 290 111 147 5 134 47 
27 264 130 200 244 279 169 66 215 93 110 20 235 88 238 107 182 24 48 98 237 242 135 105 147 202 85 177 
21 17 139 158 268 213 260 9 203 137 92 50 182 267 281 256 41 73 189 248 42 4 
35 50 153 129 214 62 247 23 169 87 85 177 185 272 178 286 161 76 220 69 17 176 130 33 41 179 148 39 143 267 219 53 211 10 226 209 
45 295 5 199 108 10 72 31 186 238 144 43 42 134 110 211 114 157 154 153 261 17 294 143 249 225 262 77 91 147 287 174 69 36 166 204 242 156 208 7 245 267 224 193 178 111 
29 6 96 293 129 226 248 122 265 196 177 271 192 164 128 269 150 191 227 100 221 27 64 34 231 294 8 149 234 232 
38 26 237 229 198 83 158 299 126 59 18 124 131 120 125 102 204 217 27 148 8 82 258 260 297 141 150 165 295 115 232 86 292 81 111 274 5 166 118 
32 85 116 194 157 147 55 121 210 216 178 185 212 96 267 1 236 179 300 217 239 182 111 48 79 276 172 146 273 189 9 165 49 
