500 832
1 2 87
2 3 570
1 4 988
1 5 227
1 6 444
2 7 264
4 8 87
7 9 705
6 10 306
10 11 368
9 12 892
1 13 722
7 14 475
12 15 815
2 16 158
1 17 567
11 18 892
11 19 152
18 20 973
11 21 222
9 22 903
12 23 682
16 24 540
19 25 943
20 26 81
10 27 488
13 28 42
16 29 101
23 30 917
12 31 552
4 32 924
29 33 195
13 34 599
6 35 653
13 36 177
2 37 413
6 38 129
5 39 373
3 40 277
15 41 226
19 42 66
10 43 347
20 44 663
5 45 297
36 46 58
31 47 606
19 48 475
11 49 953
45 50 784
30 51 176
3 52 544
39 53 375
27 54 140
31 55 776
24 56 163
34 57 251
12 58 677
21 59 289
5 60 499
27 61 779
7 62 908
30 63 41
60 64 91
5 65 743
42 66 239
33 67 698
15 68 387
56 69 12
60 70 471
1 71 276
66 72 662
4 73 970
52 74 315
51 75 457
58 76 125
31 77 814
9 78 458
43 79 24
71 80 883
2 81 104
3 82 972
20 83 371
58 84 776
76 85 717
8 86 34
32 87 665
4 88 303
62 89 662
25 90 826
27 91 708
85 92 415
72 93 688
9 94 380
72 95 667
12 96 565
26 97 522
76 98 440
61 99 218
62 100 920
20 101 906
82 102 797
74 103 70
8 104 980
47 105 328
18 106 43
52 107 537
25 108 144
10 109 945
81 110 331
16 111 188
19 112 680
86 113 278
24 114 313
47 115 439
22 116 628
50 117 786
25 118 873
82 119 331
41 120 655
112 121 759
49 122 247
35 123 313
109 124 616
109 125 690
20 126 181
28 127 512
46 128 372
61 129 675
94 130 713
109 131 876
55 132 2
33 133 54
87 134 588
76 135 161
57 136 118
127 137 540
37 138 164
128 139 580
133 140 271
50 141 515
120 142 251
79 143 138
73 144 849
55 145 809
88 146 278
121 147 470
111 148 748
121 149 965
87 150 23
27 151 912
72 152 763
22 153 511
146 154 508
113 155 521
72 156 845
40 157 803
11 158 309
80 159 272
54 160 919
109 161 34
105 162 26
162 163 880
44 164 937
95 165 800
99 166 939
163 167 343
84 168 812
69 169 535
61 170 669
91 171 192
40 172 907
47 173 195
57 174 644
85 175 762
158 176 455
134 177 956
135 178 723
165 179 631
12 180 400
54 181 327
19 182 542
167 183 391
42 184 555
114 185 733
31 186 793
137 187 826
36 188 927
160 189 122
157 190 918
62 191 561
113 192 463
170 193 743
23 194 123
30 195 662
46 196 643
134 197 105
192 198 793
184 199 327
146 200 415
87 201 784
172 202 471
28 203 63
26 204 370
110 205 41
29 206 317
36 207 333
101 208 480
178 209 52
118 210 889
119 211 11
3 212 697
204 213 486
131 214 333
174 215 368
196 216 576
59 217 625
85 218 207
122 219 182
50 220 837
25 221 431
97 222 471
170 223 77
188 224 411
21 225 99
199 226 437
41 227 198
14 228 962
147 229 80
8 230 17
76 231 369
131 232 894
47 233 447
179 234 792
15 235 336
154 236 526
138 237 261
219 238 462
14 239 738
145 240 990
11 241 355
113 242 631
239 243 313
69 244 902
99 245 748
184 246 148
209 247 363
208 248 521
18 249 3
198 250 932
211 251 621
242 252 934
140 253 827
19 254 585
247 255 899
246 256 19
204 257 548
213 258 783
214 259 617
57 260 581
145 261 917
72 262 784
126 263 950
64 264 905
132 265 300
174 266 546
200 267 467
188 268 926
83 269 912
48 270 119
146 271 17
193 272 432
113 273 200
63 274 421
143 275 320
213 276 127
152 277 264
41 278 660
245 279 209
166 280 398
149 281 603
106 282 538
274 283 789
75 284 429
24 285 92
146 286 26
129 287 491
145 288 695
81 289 620
90 290 289
290 291 198
179 292 804
120 293 728
226 294 728
232 295 93
147 296 648
6 297 968
31 298 493
131 299 65
28 300 738
102 301 432
146 302 249
189 303 58
218 304 639
277 305 843
209 306 347
247 307 739
239 308 404
198 309 803
255 310 156
280 311 193
4 312 671
246 313 474
278 314 977
69 315 488
47 316 679
273 317 556
24 318 412
223 319 934
285 320 927
36 321 227
293 322 771
13 323 69
118 324 88
252 325 473
31 326 792
264 327 742
263 328 12
198 329 226
241 330 7
44 331 353
282 332 979
177 333 112
178 334 123
179 335 902
123 336 825
22 337 388
139 338 185
193 339 423
115 340 78
65 341 284
249 342 4
154 343 379
226 344 117
220 345 583
338 346 815
85 347 365
298 348 662
187 349 2
89 350 974
214 351 690
173 352 660
131 353 199
90 354 662
59 355 975
256 356 735
242 357 497
313 358 72
231 359 921
141 360 731
218 361 698
29 362 850
287 363 171
28 364 584
358 365 157
62 366 469
130 367 436
141 368 592
84 369 556
174 370 488
312 371 774
161 372 180
273 373 474
18 374 492
208 375 55
307 376 431
104 377 746
81 378 774
257 379 988
56 380 201
379 381 295
98 382 96
86 383 609
138 384 613
48 385 914
53 386 473
287 387 43
291 388 435
57 389 527
386 390 512
87 391 111
26 392 391
68 393 160
322 394 933
17 395 743
3 396 569
204 397 393
126 398 560
367 399 164
352 400 851
15 401 218
292 402 31
318 403 647
354 404 822
110 405 296
373 406 292
75 407 822
291 408 389
376 409 932
67 410 653
349 411 5
145 412 40
296 413 682
294 414 11
265 415 155
277 416 962
266 417 203
252 418 636
286 419 553
261 420 28
53 421 908
316 422 977
403 423 566
313 424 264
404 425 5
54 426 480
262 427 446
399 428 334
184 429 722
140 430 586
155 431 510
242 432 970
56 433 862
251 434 134
180 435 210
115 436 268
57 437 515
229 438 157
397 439 895
63 440 687
110 441 187
162 442 404
289 443 449
105 444 771
290 445 795
47 446 102
373 447 870
18 448 964
369 449 210
108 450 431
224 451 633
202 452 664
414 453 830
443 454 410
366 455 1000
336 456 700
304 457 7
248 458 403
20 459 503
420 460 200
169 461 739
45 462 357
36 463 747
340 464 398
29 465 824
306 466 806
309 467 551
214 468 399
33 469 53
75 470 758
283 471 178
185 472 870
329 473 17
173 474 132
4 475 503
251 476 603
161 477 882
386 478 369
297 479 756
1 480 25
325 481 1000
293 482 291
314 483 28
157 484 953
373 485 175
35 486 675
234 487 205
162 488 437
138 489 792
163 490 463
160 491 986
18 492 797
171 493 345
480 494 833
368 495 994
367 496 198
97 497 361
182 498 134
133 499 839
162 500 942
115 426 445
389 156 910
201 64 865
208 484 778
395 251 663
397 307 931
392 457 660
10 135 112
263 199 251
110 132 921
134 479 814
498 216 357
326 473 587
437 368 411
387 493 267
444 412 117
284 262 901
62 59 540
308 177 354
494 90 305
313 148 929
337 307 949
427 319 865
12 216 911
332 84 208
188 150 469
319 267 623
363 244 99
470 254 974
314 225 245
191 301 243
113 51 854
130 62 51
424 244 91
393 193 371
118 111 893
210 491 815
222 44 430
62 438 904
25 430 181
298 134 189
109 489 538
211 99 472
386 63 461
120 311 745
434 121 286
458 349 92
159 380 331
236 102 317
414 351 397
138 102 284
289 47 298
121 139 833
48 155 505
83 398 128
129 425 612
371 471 609
91 493 653
365 419 976
491 500 604
143 301 44
33 72 796
107 454 998
430 336 486
77 74 42
483 246 437
139 24 83
412 333 963
140 431 773
359 13 178
485 93 368
395 219 735
340 496 748
466 336 856
289 209 94
168 306 748
223 357 396
262 443 513
29 88 808
140 379 860
264 87 305
186 392 159
214 495 56
173 11 537
400 473 220
372 103 683
376 375 463
406 71 977
41 184 581
124 127 303
76 280 497
69 24 8
298 173 690
170 5 87
62 163 632
428 392 181
376 245 681
131 128 230
368 252 153
491 297 706
434 358 611
235 418 775
146 19 4
8 153 789
76 67 218
342 379 243
10 488 776
257 357 595
359 188 541
231 412 298
434 280 519
305 426 431
205 75 217
140 198 93
436 490 661
413 126 398
355 18 290
43 139 178
338 331 935
370 415 23
366 127 810
29 384 848
378 322 810
262 145 728
230 409 194
193 304 573
56 96 817
51 496 283
48 172 335
360 456 486
450 186 644
26 216 155
20 451 728
395 68 710
87 315 758
33 332 592
99 444 221
57 380 265
159 164 901
68 426 226
398 235 202
1 11 43
70 497 392
161 289 469
494 399 508
230 41 964
112 113 772
317 439 569
405 302 571
146 463 271
257 117 439
169 200 925
433 52 162
472 424 66
145 334 754
237 451 260
220 174 323
150 157 295
113 462 985
168 372 296
445 263 86
358 12 187
130 296 836
389 133 885
41 123 244
427 249 358
110 317 243
329 110 552
332 230 95
358 361 68
429 121 766
57 283 641
225 164 428
474 364 195
322 277 659
133 220 630
400 275 812
109 485 510
422 204 812
357 294 514
419 85 848
5 379 128
445 286 472
72 351 93
467 486 907
282 395 396
155 27 849
434 433 876
192 328 405
133 392 644
477 167 934
462 227 955
250 470 885
436 338 359
256 133 762
224 193 554
394 410 70
463 318 680
37 366 838
108 16 541
229 147 46
155 97 460
383 96 650
344 336 152
143 297 828
165 3 859
133 434 689
199 113 426
22 427 168
89 350 970
455 294 350
46 137 544
16 18 391
291 368 39
238 197 362
198 240 557
256 39 191
483 469 550
294 429 368
226 147 160
357 427 792
277 209 668
256 394 67
6 486 854
248 324 324
175 69 225
425 101 366
144 408 592
118 348 912
410 343 754
450 269 820
167 33 287
143 421 156
354 423 287
28 211 282
126 290 614
202 156 728
97 332 258
434 16 146
490 119 833
329 158 488
178 248 88
205 463 474
399 474 516
497 414 569
222 280 644
228 410 804
91 490 814
382 93 565
258 110 977
389 493 31
291 483 7
340 455 92
31 484 999
242 288 78
491 20 351
286 99 403
11 292 282
31 261 575
32 317 744
6 328 729
294 265 550
487 106 232
189 391 750
228 93 448
184 165 367
478 445 373
262 448 197
134 419 250
411 431 200
183 269 525
27 368 754
317 281 92
43 316 113
42 447 719
132 413 294
110 317 935
56 376 701
67 489 255
75 174 520
104 113 989
25 39 628
371 218 237
280 390 858
248 55 937
387 1 158
323 271 31
461 418 895
313 217 762
344 157 993
416 256 534
473 61 834
65 244 505
413 394 156
278 426 784
246 2 585
236 51 818
409 206 251
20 123 548
152 483 379
388 462 304
219 20 917
163 483 691
413 404 23
385 456 708
281 212 492
276 335 69
234 395 126
86 395 904
134 93 628
163 467 74
167 43 795
168 339 63
54 266 960
118 28 907
38 191 233
138 300 983
185 416 784
108 462 56
116 215 933
108 75 449
2 335 326
94 386 299
90 415 694
252 74 480
112 488 242
10 12 716
262 495 841
250 423 570
416 418 532
82 231 951
433 327 417
396 91 292
40 260 148 272 14 109 198 125 40 5 123 294 77 86 253 134 193 300 59 128 143 147 74 289 69 240 18 215 181 83 34 298 27 90 259 127 261 250 104 32 160 
18 23 10 258 281 137 62 204 146 153 263 175 132 73 121 117 52 185 154 
22 181 168 219 271 216 107 123 235 138 41 279 169 20 91 194 46 152 87 133 191 105 36 
32 183 283 276 140 137 69 22 285 272 227 256 19 36 204 116 189 294 207 261 144 8 35 248 151 278 74 82 67 169 70 122 34 
28 6 75 259 166 225 97 132 60 191 282 277 213 224 36 115 41 290 90 293 298 94 241 42 296 141 19 136 135 
4 230 289 279 66 
8 100 173 18 255 135 188 120 99 
27 56 55 149 147 175 225 184 82 129 240 124 163 150 271 8 83 27 214 88 116 289 298 123 171 269 236 237 
16 203 44 184 236 210 145 297 17 99 252 265 140 25 256 172 173 
16 45 107 91 175 146 226 160 72 251 261 39 119 179 295 97 155 
41 17 191 267 183 61 260 122 166 133 63 189 207 98 144 95 103 80 262 283 152 233 193 62 109 30 84 1 70 94 40 104 157 71 68 11 211 28 66 137 25 76 
44 108 79 176 94 293 184 105 274 112 172 230 132 290 296 256 226 69 130 103 219 55 232 163 227 178 243 144 60 115 252 118 210 242 187 129 253 139 282 203 236 83 100 150 140 
9 255 137 90 14 132 134 183 142 213 
34 138 258 298 74 297 15 104 224 227 195 245 48 14 270 45 164 36 225 27 241 168 156 139 240 6 282 30 200 207 4 134 191 178 230 
50 117 201 153 99 20 10 267 111 210 225 238 186 126 157 21 199 54 275 90 169 265 38 97 294 130 241 86 67 36 13 227 179 192 110 160 135 168 42 107 273 53 56 128 131 211 193 253 243 261 87 
49 234 149 5 77 199 174 48 275 129 151 138 203 257 87 297 130 14 54 119 253 23 32 103 126 52 232 6 26 35 216 163 268 64 47 80 105 178 127 135 172 101 289 7 260 269 165 230 92 150 
14 26 33 247 179 128 140 229 273 288 135 287 210 39 266 
19 249 232 250 38 207 243 56 34 79 189 258 162 25 121 126 57 147 292 149 
34 110 186 183 133 80 153 212 144 85 1 254 157 277 178 219 134 150 51 53 37 166 89 55 189 86 245 13 290 242 21 126 182 121 15 
10 285 194 66 86 199 132 267 227 210 7 
5 107 282 46 146 177 
3 46 158 93 
7 61 16 112 14 168 203 257 
26 161 38 244 112 146 259 237 90 266 49 28 215 285 116 196 216 190 29 254 179 138 246 8 96 200 35 
9 103 47 258 206 128 160 30 23 180 
14 162 217 112 295 292 126 203 97 196 260 212 147 255 208 
37 169 44 24 71 55 77 105 223 242 63 290 120 132 180 74 148 87 124 66 46 293 127 83 160 243 255 145 187 188 277 76 298 67 294 268 112 36 
33 162 43 114 5 270 268 239 35 244 82 253 90 255 31 106 3 226 78 202 212 36 223 276 168 120 72 22 205 165 12 210 129 298 
6 101 229 285 103 263 226 
13 86 135 104 24 224 244 101 170 152 248 206 199 113 
22 132 135 9 297 62 4 93 289 121 87 276 85 76 3 258 173 153 294 186 84 243 274 
35 150 209 195 216 51 4 261 27 58 16 221 127 69 117 119 136 55 219 147 50 120 234 44 96 208 88 63 288 35 112 228 254 284 159 223 
21 96 215 120 21 84 183 13 164 280 239 12 109 188 212 195 8 59 167 102 236 287 
48 193 212 240 256 190 154 60 208 24 16 272 50 209 41 217 105 164 290 293 160 222 173 238 203 28 275 65 52 54 118 29 124 135 150 266 42 227 239 119 4 197 97 130 73 48 250 258 199 
32 180 204 166 71 213 285 270 174 199 145 221 13 91 268 51 146 63 20 87 81 161 129 84 108 271 237 112 131 289 113 122 29 
23 220 215 10 50 9 102 218 277 14 103 258 78 54 115 19 64 187 212 97 81 129 296 87 
32 299 106 291 100 278 154 133 190 59 184 254 250 176 279 210 119 167 78 107 236 38 204 34 122 202 18 101 51 138 9 53 5 
14 280 286 103 126 190 32 207 41 161 76 284 5 20 160 
8 19 80 286 229 115 227 292 35 
3 84 118 210 
35 34 45 233 31 213 179 232 158 76 253 290 32 280 234 200 97 113 293 125 52 197 27 300 207 18 222 102 199 191 216 39 65 159 176 98 
40 124 15 221 182 133 165 163 241 95 69 170 160 26 210 121 118 128 236 90 24 94 225 148 183 229 159 82 78 161 252 115 151 127 31 17 48 86 238 198 197 
46 46 83 255 101 253 281 229 112 219 40 290 278 116 160 6 240 38 181 141 215 231 104 79 62 201 60 24 32 185 39 66 81 217 300 128 45 233 21 58 297 74 56 8 27 149 37 
11 65 70 287 26 123 257 103 294 213 6 274 
10 87 299 296 125 146 206 145 98 50 61 
39 272 158 213 121 182 267 40 147 4 44 138 230 222 89 13 191 177 265 109 195 150 162 37 263 21 64 255 20 171 185 241 183 279 155 106 108 137 262 254 
40 196 192 10 233 295 298 151 177 250 257 287 122 78 169 173 133 152 168 88 289 206 102 258 284 176 181 292 212 98 167 117 42 43 16 297 211 109 48 14 55 
14 44 216 137 11 89 261 255 275 133 236 17 230 179 50 
5 92 202 86 35 89 
38 282 137 161 47 290 117 277 230 211 81 197 271 7 180 182 220 166 190 262 167 176 118 286 114 127 240 147 285 77 288 89 43 3 16 219 79 270 152 
5 214 245 15 152 166 
4 80 196 209 118 
1 112 
44 43 245 251 294 58 284 71 46 26 167 253 138 97 29 222 289 193 228 144 79 257 39 10 101 45 184 5 38 4 118 98 191 94 22 273 80 238 249 207 73 147 166 62 104 
6 248 15 256 43 51 111 
44 171 35 266 44 215 19 51 176 17 158 217 111 100 229 231 49 90 188 108 233 116 293 1 50 135 88 91 162 244 31 36 13 172 209 256 214 241 236 136 147 167 56 252 204 
10 102 60 114 206 225 253 288 152 16 53 
13 73 237 61 79 89 76 145 244 273 158 229 295 40 
47 77 109 235 262 18 120 299 233 192 7 63 81 20 283 138 290 143 254 61 214 101 226 78 180 182 151 12 229 74 293 156 129 121 183 46 13 145 168 57 294 279 300 265 34 176 251 277 
16 269 186 284 252 39 92 242 66 108 300 91 57 163 15 248 212 
46 30 249 129 223 250 135 117 181 197 152 267 134 189 56 256 196 23 146 89 6 112 289 120 40 170 291 172 54 278 43 244 20 297 86 205 45 157 87 259 253 184 185 26 115 70 16 
26 33 67 299 246 210 46 180 174 191 76 65 86 34 43 156 57 51 66 181 21 179 30 95 209 178 10 
49 162 247 48 17 5 273 244 263 3 129 248 18 199 105 35 230 225 115 245 123 282 291 134 181 296 235 38 240 27 62 10 137 83 222 294 31 73 32 146 52 69 103 55 175 195 157 261 284 53 
11 4 232 186 169 170 292 203 239 269 116 193 
36 96 142 179 220 176 93 90 41 112 168 287 185 117 195 261 63 169 200 213 272 284 85 250 182 281 145 288 127 59 196 55 264 71 217 295 33 
27 295 115 148 111 221 250 146 239 265 189 172 242 290 199 209 78 74 100 87 196 194 161 44 71 37 207 266 
18 2 84 184 123 51 142 27 178 219 201 237 255 47 175 48 196 300 93 
10 151 72 25 93 36 159 288 208 214 295 
20 278 263 44 126 270 131 58 234 10 276 223 93 48 197 20 248 132 212 28 272 
50 33 253 58 75 137 284 150 227 222 15 37 34 277 124 186 213 43 247 143 106 160 204 53 293 126 248 45 21 55 288 39 122 56 62 238 281 279 224 208 98 61 123 32 166 209 173 22 285 255 71 
34 116 128 72 276 139 226 2 231 50 194 75 8 192 32 292 186 5 98 140 55 9 281 56 255 165 203 68 108 239 44 42 90 154 284 
40 47 264 249 120 95 10 229 190 289 141 281 32 206 201 58 179 203 263 167 232 107 262 174 131 130 164 227 127 256 85 64 209 83 5 73 63 300 188 172 166 
44 132 177 294 67 251 186 107 200 118 231 34 60 252 39 263 1 270 255 226 166 162 153 137 20 182 290 88 120 217 43 29 47 184 106 9 65 82 239 192 149 246 193 262 19 
10 8 222 104 28 184 214 160 105 101 81 
47 299 220 44 146 132 294 290 227 285 117 213 112 52 33 15 258 91 209 157 73 226 194 199 17 246 187 64 241 183 137 284 87 115 240 31 107 188 95 263 277 60 264 216 123 253 239 16 
13 127 129 178 92 91 58 183 32 22 77 198 121 286 
12 110 97 259 118 147 187 155 217 108 214 201 49 
46 42 221 33 53 152 257 283 61 297 185 150 29 20 273 7 195 97 5 114 144 123 196 142 183 177 147 107 265 287 28 106 128 201 134 188 170 38 259 2 146 116 68 8 120 77 138 
41 217 184 48 155 42 260 149 88 5 86 206 198 277 36 69 204 136 192 55 130 85 164 47 215 82 26 188 281 272 165 152 90 202 143 34 298 275 269 252 23 246 
31 126 230 16 280 102 109 56 297 298 202 232 66 290 267 291 48 105 22 283 208 281 29 223 217 173 169 106 145 24 134 215 
9 196 58 226 37 173 117 97 73 271 
2 230 105 
23 51 225 30 194 145 228 142 141 149 168 68 41 175 79 286 47 213 6 195 226 135 29 220 
25 76 268 66 18 71 256 85 191 222 139 72 285 227 24 61 49 294 119 218 254 95 32 106 31 217 
38 284 59 68 297 266 177 139 4 174 285 62 268 5 288 103 204 264 92 270 277 291 243 148 61 223 278 222 40 188 3 242 35 219 93 208 149 279 52 
1 134 
8 220 213 66 193 100 183 21 33 
6 86 81 145 113 223 213 
27 129 24 124 112 9 256 55 136 279 227 210 22 52 300 128 25 117 32 146 57 197 70 250 83 208 37 109 
34 161 266 77 275 171 296 178 109 277 98 63 240 139 135 117 112 219 4 216 209 163 121 113 297 25 155 21 168 256 120 241 201 151 287 
33 78 264 228 289 50 56 23 134 172 32 106 193 133 14 140 210 76 235 48 157 28 160 100 51 33 233 224 272 123 135 218 290 294 
38 70 204 131 287 256 2 214 92 195 211 141 290 237 84 109 171 43 67 140 108 279 136 227 296 206 177 297 122 90 91 207 257 275 73 86 61 33 269 
34 135 295 32 165 95 97 147 34 242 267 158 11 25 117 245 64 252 104 208 210 223 172 217 260 219 221 13 139 169 8 60 42 47 156 
12 275 253 80 294 71 145 83 113 285 36 53 201 
42 109 17 158 90 171 82 18 192 65 11 227 177 225 167 220 196 53 78 297 228 190 185 64 253 26 24 217 1 54 216 160 87 93 40 266 97 101 235 209 261 141 47 
24 40 59 240 130 198 218 230 179 282 276 93 55 100 181 136 44 281 58 28 62 31 4 18 47 
29 189 85 16 125 283 256 34 204 142 226 42 136 175 75 286 228 199 155 95 74 103 80 248 38 289 163 280 281 56 
4 280 291 292 153 
24 93 218 214 19 255 203 101 102 223 141 85 235 186 266 259 76 221 177 254 13 137 227 58 155 
46 147 201 74 69 233 51 35 164 91 276 275 250 167 7 150 19 159 121 146 165 47 176 128 99 166 227 195 237 209 198 211 291 56 55 40 277 170 273 203 296 265 244 188 289 280 109 
15 120 35 130 216 33 92 136 91 127 131 179 47 271 49 238 
4 122 121 97 277 
5 74 34 37 116 30 
37 63 66 209 253 248 113 277 234 112 183 8 264 297 226 230 191 284 119 244 165 116 150 6 54 67 257 123 299 104 180 283 196 33 166 73 214 227 
16 221 287 269 39 234 157 268 77 190 136 67 293 127 149 243 286 
10 167 66 232 17 85 243 39 75 184 188 
44 75 22 182 56 50 9 89 235 71 158 70 176 78 36 272 93 300 137 112 116 101 280 185 251 37 12 238 240 122 76 86 257 83 244 205 44 215 159 175 30 191 100 53 15 
27 156 242 257 256 201 265 175 147 197 132 95 241 217 79 98 151 45 65 118 70 150 136 165 64 114 67 137 
12 53 217 186 84 214 182 132 177 183 22 180 130 
42 169 146 160 290 161 171 41 83 87 24 117 173 104 33 155 214 5 286 204 25 222 213 90 142 176 178 164 243 68 14 92 195 51 168 252 156 152 71 50 299 73 201 
32 180 171 167 88 51 57 56 38 46 233 106 274 186 290 246 221 241 161 127 121 8 209 198 152 105 95 104 50 278 181 134 23 
35 238 115 231 37 137 91 102 129 94 223 267 2 42 32 292 164 88 50 279 242 264 7 93 45 82 60 46 152 159 22 266 263 167 284 210 
1 102 
15 256 8 180 139 100 84 262 82 48 153 123 228 21 260 79 
6 155 133 236 216 229 283 
19 277 281 37 215 4 44 13 227 93 110 57 204 69 2 255 135 136 261 257 
23 57 121 80 234 70 116 268 32 288 132 235 10 153 9 62 45 48 122 209 136 142 13 273 
43 223 21 240 186 190 72 259 214 40 176 234 170 37 289 145 184 237 222 102 69 275 25 247 154 60 83 270 129 94 228 78 191 13 171 255 134 97 185 187 194 298 81 244 
39 46 135 112 173 10 147 242 145 122 54 69 4 245 263 75 38 180 297 97 3 114 183 121 176 224 71 56 117 216 87 235 132 172 294 192 82 143 88 42 
44 170 79 151 160 246 265 57 145 283 71 4 279 67 26 42 39 69 27 98 231 228 106 62 12 66 187 241 17 23 148 22 190 239 263 24 196 54 146 266 175 162 216 9 230 
35 71 242 213 238 102 69 81 234 64 17 160 223 79 177 31 154 128 104 286 101 147 266 139 121 60 35 91 12 6 288 42 84 158 125 26 
36 70 195 294 84 190 295 3 194 69 64 174 216 97 242 267 288 147 146 274 171 155 226 285 217 62 76 55 197 11 108 266 77 237 277 231 128 
33 297 272 249 105 65 2 277 126 106 136 80 16 222 39 286 93 13 4 294 69 29 57 131 284 265 115 238 40 231 120 299 252 215 
44 264 65 197 190 144 295 135 122 47 14 120 235 112 98 61 296 59 191 54 228 67 162 250 252 280 86 198 147 216 75 232 213 21 79 53 90 109 9 116 55 138 31 81 153 
6 125 12 232 174 84 288 
33 276 72 229 187 263 116 70 2 192 36 191 285 84 175 264 121 261 136 87 82 33 270 282 99 30 230 127 214 24 163 9 61 252 
30 203 185 219 117 164 232 198 91 241 88 82 214 228 166 35 169 191 253 201 108 207 287 97 288 73 159 160 21 171 281 
24 143 124 195 110 251 165 255 96 253 202 209 95 286 205 181 84 114 250 138 214 161 146 133 139 
3 70 102 54 
37 174 234 172 130 102 295 144 182 263 147 192 255 16 38 153 276 81 170 247 299 47 159 141 91 146 254 37 150 115 186 35 77 139 58 218 59 20 
12 116 204 176 196 131 11 71 152 284 238 179 203 
17 288 61 63 270 299 217 167 234 59 25 129 193 198 166 218 253 86 
7 278 219 190 139 265 29 40 
30 39 270 141 188 8 120 69 43 31 103 152 106 244 252 12 167 79 279 129 75 134 155 272 254 179 173 67 207 297 193 
32 205 181 300 275 201 142 149 209 88 290 224 144 242 103 137 82 148 249 108 173 268 13 136 101 260 254 200 236 189 208 72 7 
14 141 38 297 138 131 69 99 203 158 71 29 67 183 178 
14 30 266 85 1 174 253 144 28 22 230 293 181 241 14 
48 64 254 18 177 137 30 277 189 222 122 269 287 114 183 86 232 41 67 119 298 113 166 265 107 237 272 24 234 247 245 99 22 21 270 151 241 199 228 200 266 186 33 278 49 192 73 59 214 
43 76 84 54 181 45 90 161 214 246 215 118 120 78 234 46 260 27 100 274 288 272 21 193 254 122 155 183 97 262 170 231 216 156 23 252 271 213 172 88 65 71 241 70 
27 119 187 133 282 78 226 288 198 56 22 165 71 4 245 85 296 156 182 230 194 147 290 10 82 38 257 42 
16 138 297 258 88 227 296 61 219 197 105 28 290 115 103 134 159 
44 128 272 219 21 174 185 154 80 243 167 269 83 182 16 248 94 244 156 78 202 65 177 5 122 123 87 106 273 70 48 67 32 232 74 102 218 23 60 221 251 280 15 291 300 
36 203 95 298 88 129 161 29 14 196 261 172 210 178 238 183 214 116 108 114 96 240 234 167 110 145 295 193 63 254 181 6 201 59 300 157 251 
40 298 272 57 180 70 50 65 267 140 165 56 288 1 243 297 273 100 62 195 121 114 101 144 152 153 24 39 252 132 202 173 60 86 68 263 176 260 281 127 161 
46 248 142 262 91 290 81 283 9 157 50 30 220 64 100 176 138 95 246 261 227 269 33 113 232 193 96 173 281 117 285 105 12 256 239 195 282 189 67 185 172 54 34 294 24 7 147 
15 203 61 240 11 261 98 131 275 209 168 12 78 74 41 148 
5 233 220 81 125 260 
15 196 262 48 244 150 4 120 225 104 294 272 49 221 51 39 
38 138 135 35 175 220 249 196 155 244 127 178 180 109 67 43 277 141 284 70 179 169 28 125 189 50 183 208 117 192 195 64 11 34 26 271 14 1 95 
17 266 92 134 264 232 293 234 179 222 68 218 53 191 103 200 70 180 
47 219 78 252 8 44 17 271 300 138 263 272 178 143 16 123 96 269 223 75 275 71 242 1 277 51 154 14 127 106 241 58 262 168 244 155 163 88 259 228 175 187 68 9 165 156 147 76 
38 113 143 150 139 175 7 122 78 58 187 285 37 52 84 47 156 38 82 146 293 171 81 64 21 211 221 284 241 111 104 243 12 107 239 276 267 213 242 
7 139 99 81 33 211 290 150 
45 268 168 273 267 3 18 217 26 82 101 238 41 27 220 242 204 288 157 46 45 16 49 166 200 12 225 286 141 53 143 10 159 20 6 153 97 259 13 4 293 232 171 211 190 150 
36 200 283 286 171 179 3 59 154 185 202 39 290 54 143 226 132 82 64 86 102 253 145 191 198 149 76 43 220 129 234 29 9 38 264 53 127 
25 122 188 148 41 297 186 287 262 114 217 15 264 161 6 259 36 205 64 24 254 35 204 202 285 50 
45 90 215 219 209 148 296 200 61 275 188 214 230 137 150 60 141 283 118 229 110 190 197 64 119 43 297 7 87 123 203 171 187 221 237 225 42 106 143 59 191 287 248 276 298 279 
48 84 20 298 104 271 273 123 191 195 56 155 187 162 73 11 266 140 113 86 132 150 62 161 103 216 265 198 5 87 98 80 88 182 167 40 96 291 117 268 287 194 267 12 225 180 125 278 173 
41 237 162 24 178 257 107 275 278 265 16 254 65 126 36 214 150 117 205 243 51 179 146 226 111 71 55 156 125 9 211 104 94 161 206 45 238 158 70 169 53 258 
27 153 108 121 165 133 15 295 275 89 219 191 29 187 202 266 277 259 268 258 124 206 169 254 4 139 50 134 
14 197 169 73 268 117 129 48 198 130 286 200 84 65 26 
26 293 182 44 45 162 91 233 264 55 16 26 31 65 32 86 239 159 25 177 78 92 193 130 85 37 19 
34 73 140 291 166 296 221 132 40 76 153 298 43 3 117 259 206 127 233 200 204 236 129 257 107 15 75 61 20 45 83 178 64 77 234 
16 57 26 159 297 161 107 223 171 119 18 167 219 196 172 126 16 
27 275 34 111 214 261 63 7 67 189 161 184 107 288 105 188 192 213 267 82 209 10 167 258 243 109 89 29 
20 289 189 232 229 71 104 96 171 167 82 174 213 117 140 283 80 147 150 165 275 
29 26 120 9 255 270 134 289 218 168 167 174 196 25 299 57 249 101 253 137 1 81 76 267 160 180 16 181 97 10 
50 108 56 193 25 113 212 270 173 260 177 172 245 155 282 11 88 164 222 64 53 210 101 83 198 109 9 38 162 13 54 200 32 51 45 79 97 285 171 102 292 131 274 8 214 244 251 182 158 156 223 
17 198 97 18 16 67 192 280 49 250 278 196 58 249 130 45 276 60 
25 218 291 90 281 124 168 107 4 29 286 186 94 5 141 103 287 193 122 36 272 260 57 58 157 111 
35 106 135 1 85 262 295 247 167 73 245 17 46 56 172 125 70 49 158 68 236 237 250 64 204 176 226 60 100 201 92 99 294 116 221 44 
11 31 163 174 33 196 84 68 282 216 277 40 
42 95 83 289 14 8 251 265 229 78 60 288 246 287 290 138 280 52 158 235 81 1 56 161 266 183 181 85 175 84 134 272 62 38 274 72 66 11 35 133 145 170 137 
22 177 57 201 242 113 151 10 27 88 161 49 35 249 228 195 14 51 299 168 45 56 99 
45 114 73 152 31 225 220 96 92 138 287 284 206 247 9 117 150 120 93 190 227 170 229 74 23 14 141 112 72 157 88 282 43 188 296 238 222 19 140 280 84 94 25 16 58 235 
35 263 3 62 1 80 95 167 153 131 270 256 33 172 16 69 137 267 210 217 169 242 232 276 10 234 54 212 254 119 107 34 50 218 143 98 
30 100 133 239 174 50 106 264 194 136 142 79 77 68 178 268 294 204 232 271 296 236 64 223 289 200 150 189 44 215 192 
37 278 209 117 270 246 194 190 88 8 187 160 285 260 18 153 298 115 252 63 129 241 296 39 72 86 213 49 265 154 217 134 300 5 7 202 158 70 
48 265 239 299 161 298 256 168 230 277 85 22 30 152 154 18 99 144 177 247 160 155 46 274 106 293 74 138 191 105 284 114 181 118 197 206 282 263 55 95 225 296 159 132 136 81 68 276 109 
11 116 248 274 134 268 190 77 230 176 228 263 
31 197 258 182 78 102 207 205 208 15 80 201 116 22 215 32 3 128 172 136 75 138 101 219 252 233 185 29 287 224 2 109 
1 188 
19 133 274 236 241 282 153 16 201 188 256 62 293 44 97 33 40 140 273 255 
40 55 112 137 184 133 145 98 209 259 13 272 31 122 142 30 74 300 194 9 125 252 178 213 119 211 160 130 164 170 80 280 183 144 44 114 215 193 53 257 168 
35 143 236 21 111 79 104 7 57 253 182 164 249 23 186 81 58 6 10 114 68 289 140 15 258 119 20 163 178 134 210 292 3 43 257 296 
31 86 99 247 30 245 8 92 200 221 180 274 147 115 60 262 70 154 300 225 22 163 157 166 108 260 261 266 179 284 277 84 
35 165 191 124 112 149 13 230 115 197 82 196 279 100 80 49 78 47 142 126 139 211 26 276 39 141 164 19 72 50 228 81 59 160 131 180 
37 208 174 169 185 95 296 44 277 156 295 287 38 56 108 13 182 137 9 214 272 228 90 65 299 155 183 166 283 154 27 165 262 45 282 217 91 110 
46 176 228 5 41 87 188 295 33 300 251 120 91 74 263 63 9 143 220 231 170 20 254 270 18 137 81 261 246 144 11 152 4 191 267 181 278 247 50 2 184 67 153 52 174 183 7 
11 74 182 164 267 23 116 186 246 248 171 206 
32 137 294 190 136 1 194 25 147 155 158 43 279 262 217 29 213 270 109 156 50 20 230 286 80 293 267 154 4 128 79 153 100 
37 268 196 263 85 190 258 224 63 287 87 270 53 86 148 230 142 119 99 195 266 255 64 79 77 35 34 135 253 213 46 291 296 237 173 101 201 158 
4 177 51 77 76 
47 218 195 37 95 114 237 141 252 213 42 255 117 73 119 181 16 147 148 27 228 241 266 226 74 220 149 98 216 167 243 67 121 274 204 127 138 24 221 171 260 169 21 113 79 137 125 294 
13 50 168 245 35 43 73 14 153 102 152 22 85 191 
2 230 298 
46 2 160 26 248 106 293 1 146 140 9 210 103 227 284 41 211 68 298 56 16 3 113 141 269 234 262 124 54 38 53 133 187 109 177 246 220 164 43 85 182 14 179 74 191 255 63 
25 183 51 154 30 130 58 216 165 80 232 124 7 187 218 79 53 74 152 268 185 77 60 50 210 28 
47 127 7 287 296 155 26 149 177 171 104 220 35 47 107 292 54 106 283 193 25 105 179 194 65 243 212 224 103 4 142 222 234 248 72 201 126 2 183 272 266 69 122 236 131 31 164 284 
42 188 110 56 255 285 187 109 288 117 52 284 128 204 82 121 57 150 260 81 209 59 169 185 277 231 144 123 227 249 292 297 100 299 270 58 44 276 278 173 83 168 244 
10 4 216 105 106 261 174 230 192 119 215 
29 199 166 291 222 3 299 10 142 213 4 154 192 266 175 214 52 45 232 220 32 234 160 226 6 282 277 104 257 244 
11 278 234 113 150 104 143 260 211 280 120 155 
39 270 257 128 7 298 33 183 30 296 273 179 82 43 256 262 215 134 181 202 245 171 170 22 17 264 16 194 94 138 254 224 70 173 249 269 2 88 71 69 
8 104 285 125 128 2 178 197 169 
32 214 114 162 242 238 229 150 12 276 102 262 161 175 23 155 143 241 131 219 265 271 158 207 193 20 111 7 202 130 29 224 42 
16 278 266 166 260 269 158 80 114 209 289 244 152 283 23 298 227 
22 201 186 159 213 51 64 139 255 105 267 1 259 217 87 225 195 80 25 162 200 296 18 
38 115 82 86 19 274 21 146 262 152 39 23 291 232 174 215 99 88 148 193 225 131 62 196 272 210 250 144 114 108 11 289 113 221 258 121 42 298 180 
36 174 191 58 239 173 269 187 148 263 287 215 288 231 194 109 107 172 61 24 297 259 279 193 160 147 289 73 96 183 219 6 2 80 126 12 28 
9 30 150 115 254 46 222 251 290 156 
29 40 91 111 283 35 62 105 103 276 158 206 134 237 108 184 176 66 28 258 238 63 137 143 139 183 110 293 124 249 
40 56 294 189 174 122 229 291 27 60 289 140 144 243 49 59 129 131 78 193 248 92 190 299 278 82 195 142 217 290 115 5 146 300 149 137 282 126 57 113 257 
29 72 121 281 68 59 91 142 190 77 35 280 42 117 211 41 174 249 156 139 226 150 46 192 61 122 148 154 264 195 
5 112 279 15 154 277 
50 120 210 230 292 106 251 107 221 15 145 40 235 138 242 192 237 207 233 86 195 275 187 87 135 158 16 247 44 7 165 286 14 173 97 159 225 134 88 290 155 42 122 70 84 253 266 277 272 26 33 
26 136 13 276 7 84 271 282 28 43 250 71 50 41 3 117 177 32 82 31 160 260 149 232 114 44 80 
1 268 
11 194 206 97 280 59 297 237 55 215 148 189 
48 178 151 19 62 61 273 168 284 239 30 87 8 6 125 46 38 23 236 36 208 50 80 297 252 194 13 131 179 11 153 121 31 201 100 205 241 145 67 42 265 102 260 176 173 66 54 240 206 
29 8 159 127 191 13 66 188 257 38 94 206 79 62 274 251 212 300 99 241 290 276 110 171 41 128 179 60 118 285 
45 228 221 53 300 235 288 97 79 67 267 132 141 169 257 20 154 265 262 296 35 189 198 84 122 199 252 202 143 195 232 60 281 26 266 151 118 65 259 59 210 156 109 114 41 236 
46 197 269 32 259 171 228 204 291 156 24 85 252 237 164 249 172 83 185 67 27 219 187 6 190 170 68 189 54 280 13 150 113 144 47 260 262 213 279 133 243 266 294 51 65 91 45 
43 143 49 205 72 31 199 181 11 167 249 212 138 259 220 176 157 260 217 91 247 51 109 227 298 73 287 9 255 85 242 21 160 48 207 127 84 240 105 262 80 68 219 74 
9 78 63 288 104 212 287 123 29 137 
17 69 6 190 95 121 235 197 96 195 196 113 118 283 245 122 202 21 
3 118 281 236 
8 176 77 58 31 25 158 16 235 
28 43 110 201 181 30 5 32 165 50 175 268 15 208 59 55 119 116 257 36 148 124 211 111 89 282 86 10 65 
18 263 129 49 4 89 160 140 255 268 28 115 150 52 191 94 222 126 14 
19 42 45 285 22 294 79 190 101 46 40 85 217 77 10 260 4 110 58 253 
18 298 106 152 259 35 43 103 113 265 81 3 84 73 221 154 285 165 97 
48 204 118 162 272 225 55 25 164 53 185 150 105 87 219 113 251 156 166 45 243 96 44 259 213 262 1 208 26 110 133 62 181 40 117 175 137 216 29 134 257 194 86 293 189 139 33 5 54 
47 257 233 79 58 28 104 267 297 298 68 142 205 113 166 239 140 65 84 114 274 88 118 83 175 126 207 214 279 293 66 21 183 54 44 38 61 220 22 39 34 226 240 51 36 209 287 241 
19 206 72 288 99 279 300 155 47 188 31 268 127 271 70 43 37 153 141 241 
29 253 262 144 111 11 237 7 53 141 74 271 185 19 255 65 131 2 13 106 38 168 189 177 268 193 84 55 197 264 
50 28 49 74 275 38 202 69 188 63 181 285 272 85 129 223 297 157 262 179 61 224 167 216 67 71 258 120 27 259 211 213 268 110 263 282 217 196 283 153 149 97 101 203 105 206 286 10 201 220 242 
34 226 195 110 232 40 245 183 242 156 277 86 29 185 174 176 80 273 136 129 224 107 39 47 100 76 167 282 116 43 72 113 138 287 140 
45 18 105 245 262 180 218 283 208 298 54 21 17 128 71 135 49 182 205 175 214 57 240 270 217 225 284 36 198 29 136 141 11 252 215 46 249 264 254 149 123 20 74 97 192 24 
40 264 216 74 178 80 8 286 193 166 198 141 205 197 145 114 40 98 15 59 104 256 27 22 39 169 296 152 265 47 138 48 36 127 86 144 16 263 192 99 245 
30 145 19 219 202 5 161 272 37 140 172 166 61 279 7 71 69 76 159 217 185 56 78 129 84 173 130 295 256 169 198 
32 51 171 243 231 106 48 140 49 269 60 267 67 282 293 8 206 42 44 11 236 295 30 53 114 192 166 141 259 180 256 32 111 
30 66 82 246 124 195 188 285 53 215 64 150 100 6 211 37 16 24 129 13 266 5 87 123 103 182 258 242 111 269 56 
31 222 174 196 31 124 117 185 256 91 150 122 194 168 86 142 298 191 118 187 103 155 88 183 277 158 62 70 19 95 83 235 
15 213 269 263 113 142 21 168 288 167 187 278 4 73 97 145 
27 172 257 40 64 46 224 177 236 250 10 208 36 237 240 68 126 221 49 87 213 129 50 144 252 232 5 117 
13 93 119 286 138 86 50 208 35 204 96 224 218 246 
49 183 157 234 185 156 11 95 152 140 191 298 292 21 57 58 202 79 54 119 181 131 110 35 19 84 32 192 208 106 24 278 117 129 48 285 111 7 249 78 4 101 276 153 222 236 145 258 180 150 
21 133 196 73 97 238 283 270 14 299 114 101 18 11 54 182 252 96 141 226 282 38 
47 222 17 134 138 147 287 58 206 55 101 218 88 279 108 188 69 21 169 63 161 212 117 96 272 105 114 249 300 131 39 242 204 99 255 79 143 226 57 4 253 1 203 122 176 210 211 165 
43 188 230 127 219 243 101 220 256 18 84 157 290 71 8 156 100 167 191 261 117 262 205 43 158 201 5 189 152 229 165 214 50 19 138 159 94 79 63 113 145 134 207 299 
36 95 25 185 240 63 52 289 176 11 139 92 70 274 18 169 190 184 230 197 46 234 58 42 259 210 30 160 211 104 38 206 29 300 37 14 205 
22 152 137 154 122 271 293 214 100 4 169 183 17 106 97 150 179 65 200 83 105 258 297 
38 300 157 267 56 20 258 46 167 117 210 75 3 94 294 118 108 232 265 49 19 243 186 227 187 50 120 122 82 132 213 230 7 28 217 212 200 225 183 
19 225 280 176 299 133 202 255 92 153 160 217 260 227 34 226 161 45 216 147 
49 62 103 182 233 288 235 7 243 210 59 180 149 280 194 279 79 177 265 187 184 57 200 106 218 114 151 260 43 216 160 173 33 238 45 63 19 68 292 259 204 104 102 296 26 99 132 111 222 206 
36 294 293 235 263 165 170 30 66 289 243 2 67 231 38 251 73 290 146 56 287 102 172 292 237 133 49 24 111 59 35 279 101 248 242 183 75 
11 22 10 62 243 250 175 271 90 183 93 262 
42 178 4 105 272 265 244 296 202 250 269 9 38 120 151 44 98 110 47 41 89 97 262 58 113 33 246 11 95 28 241 5 287 297 232 256 284 264 2 16 51 46 70 
1 284 
25 208 66 266 106 131 63 93 288 244 4 196 44 217 10 65 175 35 146 283 149 128 216 18 231 176 
23 296 5 66 264 39 247 110 157 3 51 267 126 162 8 266 26 94 57 177 216 232 138 85 
50 153 13 33 54 273 282 250 158 151 182 142 140 128 115 108 196 122 68 297 195 75 90 237 93 290 82 172 150 77 223 247 283 280 242 51 257 126 60 262 191 145 111 175 125 121 186 241 43 58 104 
31 273 202 136 222 48 151 148 39 93 226 72 164 152 197 159 160 110 184 282 250 237 18 174 63 16 293 259 244 61 167 7 
37 199 192 57 17 24 249 286 165 2 49 174 82 266 267 204 123 102 90 75 30 125 257 278 176 29 145 245 95 70 256 158 41 228 11 272 98 4 
46 213 5 2 160 107 167 74 73 155 299 230 64 197 8 54 17 216 65 300 112 261 148 221 179 249 241 7 106 31 211 38 97 136 48 122 91 82 26 72 286 184 138 19 93 284 146 
45 232 24 264 179 114 80 267 135 216 39 151 283 105 65 248 296 215 64 83 54 237 262 178 173 82 166 22 211 72 276 7 63 158 187 111 277 281 209 223 60 157 133 106 108 241 
10 282 151 21 164 185 91 236 219 190 42 
29 264 258 210 154 284 42 242 256 179 266 104 50 187 166 105 156 268 87 275 134 131 178 132 69 267 4 125 279 221 
13 40 229 205 66 120 290 203 3 191 139 230 178 258 
2 290 212 
41 162 160 242 20 149 42 274 123 92 10 209 60 40 164 231 222 161 51 224 248 15 233 147 54 146 26 293 67 290 16 39 215 285 214 48 109 129 158 236 211 110 
41 208 163 56 296 289 205 126 37 268 298 92 233 9 185 246 173 142 24 20 79 293 11 264 121 189 254 285 58 297 110 250 87 279 135 286 160 195 75 253 17 230 
43 268 200 115 66 229 68 55 6 145 138 132 45 58 212 240 73 298 264 236 85 19 248 227 113 267 246 76 27 54 3 280 282 31 289 69 153 226 133 94 148 80 38 162 
40 208 29 38 173 276 148 284 200 176 155 270 214 163 291 52 2 247 156 144 40 113 121 241 175 66 153 193 107 165 1 273 154 122 168 186 178 138 54 255 180 
40 214 95 267 90 134 113 17 173 106 58 244 136 240 9 75 62 82 242 279 194 28 285 119 54 4 264 232 192 171 78 49 217 85 270 43 168 155 195 114 177 
21 163 3 32 263 105 80 54 79 192 42 115 235 270 168 253 269 230 290 89 126 278 
26 252 34 282 43 271 144 19 211 82 83 122 55 215 168 196 209 241 222 204 39 153 89 13 51 120 218 
14 152 233 199 14 141 68 290 97 196 269 55 168 86 229 
49 160 288 248 17 112 138 246 121 15 53 218 31 273 102 133 90 74 12 215 231 18 23 221 159 263 83 116 107 280 224 62 165 80 249 21 187 100 167 217 142 175 151 82 259 78 283 88 161 149 
22 288 145 139 6 100 147 206 286 166 101 38 241 275 30 195 62 200 123 245 267 234 140 
32 270 3 214 68 241 235 150 5 213 292 198 149 254 230 188 112 130 173 28 83 299 249 136 99 229 253 50 282 93 26 281 116 
8 64 162 185 151 177 254 90 172 
42 25 112 209 33 242 91 100 175 131 199 214 295 114 82 283 38 142 164 18 126 30 111 284 63 205 186 161 121 8 173 13 22 176 3 234 145 5 179 251 10 210 212 
50 128 153 138 4 284 130 139 132 25 66 84 285 99 269 6 51 129 261 263 111 91 1 290 104 60 71 230 228 67 115 184 286 144 12 15 120 16 199 3 90 179 148 150 292 61 163 142 117 48 295 
44 142 82 133 168 281 54 146 270 280 250 116 294 109 121 145 62 267 51 186 293 164 112 176 102 113 150 28 245 33 141 111 49 96 275 65 26 147 228 19 183 6 60 158 179 
32 170 115 56 36 159 16 52 162 288 300 147 271 12 149 97 33 281 133 177 41 75 124 18 275 60 219 46 284 35 123 163 82 
20 115 220 64 100 168 181 211 191 63 152 247 11 276 169 124 51 189 223 219 292 
20 280 11 172 40 130 260 170 256 128 191 24 103 65 190 145 116 183 149 300 73 
19 38 293 173 24 280 6 26 9 66 253 91 15 146 288 276 83 256 284 48 
30 117 123 51 135 295 140 252 283 64 101 32 152 77 242 27 154 194 62 260 291 264 43 202 267 268 217 83 228 281 262 
28 282 22 213 58 244 50 35 88 231 169 165 114 29 125 208 18 245 289 197 281 128 102 45 3 167 93 145 92 
35 74 37 288 5 14 154 26 232 199 276 117 157 47 128 148 89 69 228 251 291 262 130 176 94 266 188 200 239 168 173 136 99 35 7 2 
20 136 165 191 164 247 237 28 114 257 265 27 15 185 125 33 95 44 154 173 243 
44 109 58 220 169 103 211 210 263 134 147 68 159 250 36 86 23 114 108 178 191 131 25 274 123 30 69 151 162 27 203 89 98 78 200 41 65 205 275 45 74 127 195 251 290 
26 110 249 142 287 68 291 170 293 105 83 107 157 56 172 285 86 16 182 180 158 137 58 290 229 82 286 
4 142 116 168 236 
7 213 51 193 271 66 140 144 
39 174 274 221 25 4 193 100 269 126 16 241 168 151 242 115 75 170 289 87 220 236 56 171 299 244 142 158 176 81 271 117 199 232 3 131 167 33 237 175 
48 55 113 7 238 134 263 255 132 267 256 257 127 283 243 235 207 274 150 225 4 82 125 148 88 97 273 252 158 91 18 42 202 138 161 237 297 84 98 45 69 114 219 222 287 73 146 186 122 
35 178 150 224 142 172 225 282 157 9 198 227 53 177 81 273 122 270 219 212 206 164 91 99 265 267 291 61 296 222 18 95 66 123 266 207 
31 62 296 161 157 132 37 250 266 280 144 102 256 114 83 189 179 267 7 263 69 26 127 103 20 271 43 286 33 77 96 276 
45 242 210 81 128 160 125 180 91 272 244 280 204 188 181 59 165 23 271 245 169 218 178 42 47 22 289 34 102 234 263 127 44 99 232 96 159 250 186 270 287 202 123 29 173 118 
2 83 239 
3 22 261 45 
24 244 22 124 110 161 295 273 212 210 156 269 285 265 90 228 290 55 264 35 42 16 89 82 196 
27 173 152 215 117 222 36 268 241 27 138 113 68 52 174 89 149 265 67 216 295 70 292 261 17 55 135 201 
13 79 119 257 220 275 224 3 255 264 176 293 64 104 
2 39 233 
37 116 264 34 118 18 178 187 145 220 230 11 137 80 156 245 291 140 236 136 280 244 149 210 69 216 88 194 16 262 261 85 207 157 124 122 170 93 
30 78 41 206 190 36 249 153 50 176 168 105 269 237 102 23 30 185 235 56 243 54 211 152 90 43 58 38 241 191 80 
30 43 185 294 42 141 25 176 241 229 93 182 50 199 126 46 155 92 91 245 201 202 85 192 23 246 22 265 166 111 18 
19 212 88 20 237 168 222 264 120 1 87 24 152 123 85 201 132 65 182 171 
4 49 55 270 278 
30 191 228 213 16 162 139 21 184 24 254 126 35 10 100 130 160 54 131 151 157 222 179 51 300 137 224 217 98 283 206 
42 37 178 118 97 163 26 56 134 195 259 47 28 213 71 92 297 73 59 79 101 110 20 67 146 155 94 2 228 154 201 205 131 291 281 274 149 179 89 225 36 265 237 
31 144 198 212 49 27 28 238 298 10 159 150 55 181 280 66 79 6 138 182 19 276 59 137 42 134 34 130 300 148 109 33 
45 38 2 4 151 284 36 300 81 18 143 20 116 101 39 106 221 281 131 48 165 235 92 285 224 122 62 205 141 45 290 167 73 251 249 61 95 65 196 29 145 89 255 173 222 66 
20 62 70 199 264 28 296 281 11 193 81 107 54 76 147 166 149 177 45 278 276 
30 9 83 218 195 162 211 205 161 10 115 140 119 128 300 121 58 149 150 49 7 127 55 296 89 231 227 48 109 235 285 
25 59 263 223 70 117 289 107 175 166 35 49 250 151 153 259 280 105 37 131 201 244 92 215 239 150 
37 103 155 54 297 63 20 183 230 234 168 65 34 137 216 27 122 274 46 86 133 60 227 291 236 135 97 267 62 124 272 215 294 184 139 164 214 255 
16 52 221 232 215 268 292 211 24 83 173 82 104 80 261 293 294 
21 150 166 161 28 129 296 221 264 66 130 269 217 300 272 69 189 229 278 234 274 206 
50 127 28 87 240 203 68 177 245 8 116 179 84 250 286 130 26 148 78 241 142 218 138 233 291 67 192 10 135 25 145 113 292 49 126 12 7 176 213 229 265 30 97 147 114 263 69 257 251 276 169 
17 149 93 214 268 298 225 29 233 217 251 270 244 276 30 7 1 171 
24 278 102 30 197 247 238 69 108 94 47 158 143 82 25 120 262 115 117 14 46 242 194 122 6 
15 204 249 260 218 189 281 50 15 188 100 17 167 54 269 98 
12 204 277 254 7 279 250 269 240 123 59 239 18 
34 66 99 149 93 211 5 143 57 243 213 229 270 163 51 34 41 148 192 225 122 92 260 207 240 32 256 94 6 271 277 142 76 70 44 
38 169 127 244 70 69 26 132 268 62 161 6 220 28 282 46 29 68 217 58 104 248 55 43 124 103 291 241 226 65 102 277 18 204 13 213 254 214 85 
2 108 286 
35 152 114 286 132 117 142 45 30 261 234 281 252 35 190 241 13 151 295 260 34 287 58 83 47 294 44 70 239 209 125 243 26 145 277 208 
49 214 136 251 64 149 181 228 153 194 112 31 256 290 110 32 168 60 106 21 134 155 154 295 127 89 62 148 43 72 97 14 26 186 192 198 246 17 109 193 12 260 145 15 171 128 91 16 102 274 
29 157 94 212 279 79 32 35 186 269 267 108 293 109 173 207 193 29 257 9 50 27 283 122 69 285 148 277 147 136 
8 70 11 247 248 263 297 171 192 
40 114 234 46 78 181 58 47 195 208 116 17 49 207 162 235 259 81 98 272 127 247 286 143 15 273 183 73 41 18 203 76 37 48 155 113 220 152 86 60 151 
27 164 54 155 188 64 29 76 232 171 39 216 137 290 51 158 105 289 125 240 75 34 139 229 300 236 184 279 
25 251 225 117 136 226 275 199 104 144 137 202 255 17 109 274 34 101 119 67 241 36 223 221 263 3 
36 136 28 130 281 18 129 215 109 231 264 189 158 176 285 193 297 11 252 17 247 282 57 102 284 272 300 207 192 107 156 210 61 20 251 253 261 
28 74 122 33 120 66 299 193 35 183 188 117 131 24 129 50 102 279 61 43 47 99 222 265 178 95 55 128 258 
12 50 177 116 72 88 51 134 264 118 15 271 270 
49 233 35 67 142 177 266 206 149 171 221 226 108 116 276 27 272 263 143 255 95 131 238 12 281 16 227 2 245 101 296 11 277 153 152 229 271 292 188 236 112 44 167 193 270 88 172 49 122 43 
7 108 12 15 231 204 256 54 
20 226 105 280 164 156 192 111 183 14 253 46 138 42 298 67 136 57 170 96 39 
21 249 183 78 251 214 54 238 226 84 212 291 24 38 141 87 39 160 285 137 106 96 
48 255 77 31 162 76 193 63 276 169 123 210 48 137 197 9 73 70 34 251 235 92 51 233 238 110 80 275 54 220 266 42 69 189 278 155 90 263 24 188 144 202 88 106 8 184 253 297 268 
17 154 90 35 173 199 114 87 282 249 33 74 136 245 103 163 203 248 
39 225 161 247 51 32 269 129 4 190 15 101 290 281 17 132 20 24 213 12 94 151 211 194 172 99 70 113 186 141 242 27 74 210 209 48 98 71 58 175 
47 93 198 38 115 17 119 282 215 162 183 71 187 251 18 229 209 123 45 248 257 78 296 194 9 74 243 141 255 124 60 136 132 96 268 270 174 271 227 244 102 61 137 254 94 295 299 32 
50 192 193 151 222 34 182 90 9 86 246 183 62 223 230 22 156 79 117 173 200 99 199 242 44 115 208 210 283 125 244 266 267 204 202 269 245 75 146 218 88 241 129 140 213 190 240 236 161 144 80 
38 89 181 32 4 17 72 142 246 178 94 226 51 251 140 286 82 114 49 41 291 25 204 165 244 167 218 199 134 259 171 195 174 35 131 39 288 166 27 
2 81 217 
24 46 178 181 155 184 226 188 269 289 231 83 167 164 62 177 208 76 45 40 26 153 22 245 118 
16 38 87 35 143 54 262 150 11 238 226 192 283 209 171 142 246 
38 164 32 14 65 69 159 36 179 265 63 244 22 132 266 168 264 3 238 248 256 163 286 167 101 253 116 194 267 93 62 241 139 187 148 111 188 121 117 
19 6 73 174 206 225 278 248 75 72 157 276 51 247 76 109 43 261 212 195 
41 237 171 166 29 58 299 162 248 109 61 111 264 113 276 243 24 73 52 144 60 15 219 81 122 259 161 257 12 203 267 126 196 72 87 21 285 198 16 230 115 253 
36 236 206 135 13 71 239 273 131 240 54 132 180 252 18 192 163 153 293 278 28 43 168 287 24 62 31 277 295 294 171 59 46 42 199 195 109 
9 3 23 26 166 180 298 212 118 33 
7 10 205 161 90 46 256 94 
41 43 185 281 85 227 141 30 287 79 137 179 242 240 18 82 55 46 159 238 203 173 116 277 236 113 289 11 133 290 217 10 296 154 147 135 47 107 120 152 115 4 
43 202 151 62 237 297 120 238 209 169 55 21 23 152 128 199 257 165 1 174 258 282 114 186 236 225 61 268 19 119 15 193 213 293 228 8 160 207 27 98 38 87 84 16 
35 22 28 183 163 245 209 203 274 47 146 35 104 52 101 228 152 293 50 131 48 287 220 158 258 227 109 169 19 231 272 27 236 58 21 232 
3 132 69 111 
41 28 14 297 214 245 291 141 53 105 222 130 241 46 57 27 137 24 281 124 282 283 243 286 293 96 180 51 237 32 244 25 160 22 6 275 119 159 265 92 54 42 
30 79 5 285 283 243 300 298 216 33 120 260 15 137 67 156 19 259 201 172 253 221 224 211 193 80 214 135 230 184 166 
11 246 22 146 259 115 126 252 56 292 161 227 
48 186 188 49 257 10 174 214 60 259 230 26 296 45 270 130 20 263 113 98 16 43 115 144 266 177 291 48 83 212 29 256 184 262 126 247 94 47 299 300 37 81 158 162 51 233 55 109 209 
13 25 284 235 57 289 23 296 219 32 222 46 190 64 
33 143 241 17 59 268 230 109 124 44 24 293 130 150 264 245 136 93 247 107 141 121 197 170 135 87 239 117 22 31 180 156 238 289 
17 270 170 16 21 212 160 163 53 177 153 8 77 134 66 247 35 12 
21 127 269 164 63 15 141 218 20 80 54 297 121 97 202 98 45 247 195 259 174 138 
35 242 125 271 103 50 272 116 192 108 25 100 155 174 9 284 123 148 1 6 102 4 35 16 214 144 40 53 7 213 241 187 72 31 281 154 
20 186 44 211 48 29 244 55 224 24 17 163 256 50 88 212 108 287 229 154 283 
9 93 264 73 89 184 293 136 108 30 
37 144 231 136 296 88 192 112 179 226 125 194 199 14 145 286 42 45 208 74 113 241 195 272 37 263 186 21 60 201 68 242 175 207 253 180 249 270 
25 8 112 106 221 11 223 191 17 65 130 58 38 187 138 66 198 97 250 33 258 102 256 26 201 288 
16 269 254 274 51 99 131 143 224 226 121 186 247 202 35 39 42 
44 62 47 105 168 176 220 48 239 155 142 29 169 272 44 5 107 255 275 206 158 166 31 290 222 151 159 172 197 87 212 114 154 145 267 134 53 18 109 147 90 81 160 271 201 
48 176 4 82 103 138 134 181 245 156 168 64 257 254 119 67 193 290 186 86 69 210 271 222 200 274 125 286 72 190 53 108 238 249 154 66 219 36 174 182 244 24 102 184 294 8 105 70 147 
37 232 126 226 298 153 66 221 155 50 3 111 248 63 230 76 106 80 181 11 107 205 130 223 188 202 270 165 229 252 186 61 210 77 283 175 237 179 
35 44 200 299 146 25 201 263 178 283 215 164 211 64 235 238 270 77 282 128 288 144 160 16 189 95 166 86 153 198 260 244 219 42 138 173 
20 76 8 175 231 127 113 267 50 210 149 47 201 21 136 161 98 220 192 88 290 
22 245 176 130 50 91 140 2 192 290 166 75 3 153 251 79 149 295 71 86 144 158 27 
23 52 244 176 252 294 224 7 94 201 96 164 51 117 76 89 2 256 154 60 85 298 159 64 
2 6 220 
44 214 101 28 176 3 159 227 189 57 72 158 162 103 137 92 287 199 60 202 248 41 193 236 7 27 270 225 148 47 246 219 19 30 191 32 147 40 82 81 144 173 190 224 67 
49 272 263 149 227 222 195 254 282 39 27 176 78 215 265 280 116 132 260 241 8 138 199 253 148 62 266 232 3 183 155 170 187 219 238 24 28 65 101 287 94 288 257 293 89 9 166 236 162 159 
37 258 183 287 117 19 182 209 208 222 249 20 290 126 283 144 74 47 22 149 91 110 85 71 270 280 42 2 80 242 138 62 175 162 51 288 157 289 
15 64 152 175 192 207 162 212 202 205 91 25 37 97 24 119 
24 295 260 123 10 278 25 31 13 47 141 244 8 74 69 152 187 268 106 250 22 129 43 38 57 
47 81 157 205 293 200 28 130 299 269 292 119 146 58 139 29 73 253 179 233 263 118 208 279 209 203 132 7 72 79 10 93 104 65 277 133 274 213 21 228 249 230 245 195 280 99 64 163 
25 263 105 34 89 57 106 256 118 282 143 172 135 179 254 260 187 207 11 239 101 232 286 193 73 44 
50 126 41 84 163 8 187 3 125 110 242 251 109 92 86 42 27 234 137 287 105 189 228 15 64 118 255 106 49 236 243 206 44 273 219 177 23 172 90 53 98 272 248 100 225 68 46 284 50 25 20 
41 198 72 161 5 204 242 229 2 222 35 96 154 130 285 286 220 112 188 255 137 59 174 197 95 213 42 226 88 68 105 219 6 104 275 243 136 123 189 196 291 23 
19 211 63 85 94 272 155 134 299 7 258 264 190 136 101 237 243 206 17 75 
22 75 83 159 41 258 131 243 291 254 163 297 246 55 6 241 146 201 180 209 279 274 234 
36 171 238 281 272 198 89 296 138 76 218 2 275 217 260 211 298 140 286 229 64 182 168 87 91 231 285 58 256 115 9 24 268 57 4 48 10 
44 147 74 251 82 119 37 18 68 106 214 224 148 83 101 138 168 46 227 243 178 45 200 258 86 59 52 90 60 6 123 129 193 300 211 290 159 102 188 171 217 162 53 93 250 
37 19 275 143 101 199 114 194 146 214 155 141 211 179 20 160 235 107 282 178 77 277 167 81 186 258 202 108 41 50 246 82 229 185 177 195 40 154 
33 121 96 194 62 213 289 111 287 65 298 299 297 45 134 137 207 138 202 31 242 279 61 268 99 59 26 49 192 229 21 151 19 212 
4 156 261 257 112 
21 273 266 134 218 75 135 164 268 253 244 5 53 81 172 90 35 226 33 137 49 73 
45 89 217 70 114 211 229 136 77 262 69 4 288 25 252 27 269 73 145 225 228 87 141 210 56 149 187 139 10 226 281 296 17 284 138 267 32 105 82 130 192 231 172 38 180 254 
1 66 
24 108 39 268 3 234 82 296 236 150 84 242 233 152 224 157 218 230 212 261 102 88 290 249 227 
23 291 216 107 236 153 152 83 95 23 218 8 102 98 146 221 103 170 226 278 123 284 10 9 
38 209 27 34 56 155 76 104 170 21 264 65 244 181 229 111 297 10 246 296 75 143 94 28 69 227 235 33 23 86 95 166 197 131 79 238 38 98 212 
43 10 3 272 181 182 116 44 45 271 69 163 184 257 285 165 255 142 151 164 173 49 177 86 73 71 70 143 150 87 23 51 58 221 199 67 24 230 158 135 125 97 132 200 
10 34 156 208 273 48 16 142 99 107 224 
29 188 47 151 153 253 84 226 22 225 15 89 44 56 211 160 158 19 235 233 196 21 135 267 162 173 121 230 219 279 
47 218 290 105 299 86 134 52 142 44 9 91 200 11 18 98 165 175 63 58 10 284 185 1 252 254 90 256 146 55 68 294 293 29 155 109 48 190 201 13 228 192 236 100 61 263 258 96 
31 172 62 248 268 112 204 258 232 183 1 75 109 79 45 162 181 104 267 253 77 25 149 222 298 122 154 292 85 7 217 265 
46 185 171 295 194 26 59 202 279 20 140 205 198 5 267 89 293 122 217 181 238 51 176 235 41 260 288 81 108 1 88 39 76 259 13 6 65 179 12 258 42 58 40 107 64 274 165 
6 178 144 16 162 265 229 
30 118 20 92 145 70 133 149 167 11 290 146 230 40 261 239 104 204 238 165 179 285 297 13 171 37 117 271 217 78 22 
41 18 156 244 236 83 71 38 20 270 201 114 102 238 41 68 63 204 294 205 96 29 110 146 4 210 261 190 263 239 75 179 31 183 169 136 121 189 91 158 109 167 
48 232 92 249 34 113 254 170 129 211 256 7 231 260 10 221 45 206 24 25 276 197 220 180 212 70 264 165 242 8 98 72 275 278 62 229 210 32 192 298 119 201 291 19 67 13 289 97 42 
49 265 89 245 111 67 150 55 66 127 246 299 288 149 2 208 90 254 151 296 183 276 43 94 287 53 201 218 157 199 138 205 136 215 160 202 16 176 209 9 107 220 106 233 27 135 17 242 41 79 
32 250 63 64 169 279 289 86 132 69 28 300 240 93 297 264 272 259 7 196 89 114 234 280 251 30 10 147 4 88 160 14 113 
14 32 258 298 242 274 39 127 276 48 49 254 252 14 155 
27 205 36 182 72 259 130 207 83 42 190 255 201 175 119 112 47 300 3 277 184 189 280 55 168 104 74 169 
39 207 68 224 28 47 290 37 10 168 87 95 249 236 83 259 16 142 105 277 80 223 243 146 59 186 118 155 214 200 279 129 133 136 77 253 86 2 242 70 
32 38 22 274 299 153 86 150 229 297 5 210 138 233 48 169 261 111 103 16 263 99 207 265 220 133 183 251 250 266 192 178 289 
47 97 169 252 93 255 34 122 269 28 4 241 132 135 131 73 94 19 124 211 119 61 173 206 16 171 243 125 136 111 227 284 204 184 98 26 51 6 205 164 150 155 24 295 282 3 208 248 
12 21 65 138 240 259 51 20 268 227 150 162 47 
16 78 241 77 81 4 290 224 161 184 219 39 89 26 261 142 19 
6 298 71 76 176 284 244 
50 240 41 250 185 91 148 2 113 98 256 229 33 50 152 13 31 88 235 82 226 230 273 14 57 87 149 208 279 84 139 257 286 222 39 6 215 184 246 153 77 234 267 204 292 12 173 251 22 95 269 
31 59 230 77 299 225 209 122 256 232 239 135 275 4 210 50 140 194 6 184 202 245 74 168 75 82 68 51 158 252 192 70 
45 6 198 60 195 270 142 297 169 280 178 132 212 157 208 191 285 41 239 51 85 206 202 201 171 109 90 15 76 283 74 218 116 26 233 296 112 170 205 52 181 175 244 262 36 222 
6 3 249 162 13 28 60 
6 241 36 13 144 125 224 
26 42 130 280 287 263 159 296 48 228 112 274 222 39 68 241 71 72 297 235 157 86 113 191 145 180 56 
8 41 125 67 271 100 45 171 40 
18 161 74 43 231 292 181 69 194 186 151 166 102 261 217 277 131 115 103 
35 283 76 181 192 115 284 109 19 280 219 204 70 69 7 40 214 155 289 149 116 132 130 21 143 294 41 198 121 186 118 265 57 2 96 275 
1 297 
32 145 178 251 103 294 75 144 105 5 263 172 131 265 201 195 32 192 295 16 186 248 159 123 34 209 100 237 273 252 48 155 152 
27 145 246 79 82 119 65 242 6 276 268 140 44 15 39 91 237 297 134 255 107 295 238 150 84 132 208 217 
11 153 249 136 23 8 203 209 138 12 281 112 
2 208 295 
16 45 234 125 179 137 229 115 52 159 17 189 249 231 38 62 109 
29 55 220 3 261 289 164 150 77 6 274 80 219 148 38 236 114 190 102 251 100 224 254 133 137 241 191 235 53 8 
27 184 257 136 240 145 16 11 201 117 111 41 266 121 293 72 238 264 33 86 126 75 193 154 73 131 220 80 
50 75 53 120 17 72 98 241 212 221 144 175 292 284 133 222 282 234 31 78 240 186 290 153 126 33 293 60 265 28 63 3 13 79 192 158 70 230 252 116 259 96 147 283 19 7 71 244 122 204 50 
38 78 56 153 255 193 119 131 273 232 152 93 35 120 63 243 24 165 270 276 134 99 280 47 95 113 242 8 253 4 226 123 249 172 13 90 157 148 219 
12 21 286 274 37 255 251 132 234 300 277 73 149 
26 46 65 142 87 9 76 151 71 178 105 114 188 14 288 148 235 8 237 106 127 134 215 49 112 96 241 
45 169 140 10 11 135 97 236 189 154 94 67 202 19 193 251 298 228 26 72 204 47 203 223 192 108 207 81 149 197 61 50 295 105 23 250 222 56 91 282 53 62 43 144 234 268 
36 127 110 216 139 261 47 237 254 1 145 99 114 157 29 259 152 167 85 21 79 242 142 103 230 30 191 80 186 223 170 40 32 54 64 53 164 
7 198 147 232 53 181 288 110 
37 41 256 207 216 54 183 223 215 258 117 128 296 67 42 45 64 27 108 202 23 122 3 150 65 240 293 297 275 119 280 274 9 244 51 58 295 6 
27 159 154 201 158 204 78 292 148 294 41 69 107 136 266 194 217 19 184 60 245 56 1 145 138 168 103 23 
47 186 72 194 61 92 246 215 211 247 89 102 219 25 292 137 262 15 41 78 112 192 77 271 155 263 96 16 80 156 42 238 123 161 205 295 258 58 149 297 173 249 243 83 265 280 23 135 
31 98 126 30 163 102 249 299 204 148 167 188 22 113 19 122 178 221 155 278 88 288 42 24 133 21 101 208 58 258 177 224 
37 270 96 186 289 281 231 13 57 245 9 8 215 179 208 219 176 93 147 182 122 243 204 60 218 86 214 104 58 81 101 238 143 133 76 253 239 121 
39 128 223 85 208 155 217 253 294 98 19 247 3 181 183 271 46 252 246 290 282 245 219 285 272 120 78 218 27 178 292 59 262 133 4 58 146 118 270 94 
34 236 75 251 205 173 218 215 128 95 42 299 212 232 171 224 55 261 225 247 182 159 283 5 35 90 33 64 265 241 266 97 144 54 177 
31 176 139 199 69 15 259 194 20 197 100 297 106 129 36 29 244 90 291 208 187 103 220 210 203 149 151 215 124 11 51 282 
27 91 128 51 221 265 267 21 210 228 289 29 122 74 63 15 234 111 212 147 43 102 195 268 208 299 48 287 
9 284 52 148 106 91 143 77 48 88 
8 203 26 67 121 132 200 42 237 
28 265 67 189 165 139 68 19 13 117 169 1 129 37 150 244 214 124 56 26 46 45 251 241 9 100 253 153 201 
8 225 180 283 83 15 9 234 92 
44 116 33 17 103 134 118 157 224 107 6 74 146 268 39 223 135 127 184 19 23 70 248 141 177 64 11 167 294 201 83 180 120 71 119 98 288 95 202 158 189 257 292 144 250 
14 156 129 21 51 185 160 18 153 95 36 127 65 43 161 
8 226 163 277 27 198 100 10 114 
37 259 212 180 147 91 20 36 79 299 104 55 229 64 227 237 21 63 25 282 215 273 121 42 254 283 156 262 193 11 295 138 125 294 3 75 67 107 
8 196 190 81 30 73 217 83 106 
42 2 25 16 57 281 216 6 92 87 18 69 207 8 223 290 296 274 157 285 19 161 60 109 262 255 155 129 280 117 84 4 227 260 162 102 94 182 211 217 51 293 244 
14 148 145 118 87 91 283 54 123 284 144 162 62 257 98 
36 115 21 93 83 193 95 199 35 153 137 209 187 16 203 12 1 82 274 159 255 256 74 69 46 224 33 240 178 145 297 254 86 197 186 20 290 
41 144 235 296 157 208 124 68 140 180 171 10 28 3 11 136 270 16 61 181 126 2 139 266 146 54 134 255 141 138 40 76 192 249 164 191 148 50 219 299 248 260 
46 81 244 197 285 59 172 30 211 48 101 12 262 84 238 118 15 89 173 213 102 14 71 163 120 297 194 127 170 122 196 23 105 204 223 153 64 239 231 195 36 24 203 35 205 28 198 
14 257 71 13 245 297 277 242 122 51 265 138 187 150 162 
25 71 292 112 4 202 287 130 258 60 109 75 212 160 265 23 67 281 172 217 118 116 168 175 290 270 
18 263 110 68 11 290 215 27 24 158 116 237 12 176 50 284 150 222 97 
2 62 265 
49 172 40 229 178 214 11 56 42 202 152 65 136 250 133 266 100 253 165 128 263 92 255 146 28 235 101 144 240 51 271 95 275 162 137 110 296 55 49 191 265 219 29 157 179 31 43 107 248 196 
23 235 125 38 291 214 254 173 86 246 26 112 142 247 28 161 113 90 78 72 9 283 265 93 
22 61 126 55 98 119 171 162 79 109 137 67 75 292 239 80 265 295 205 44 277 74 284 
3 196 81 136 
44 279 251 200 119 253 215 76 102 109 226 171 151 150 125 64 190 112 248 36 122 269 227 71 20 127 123 202 140 95 265 103 294 229 46 231 194 38 243 68 10 48 133 185 7 
12 165 81 214 63 57 144 103 227 20 176 264 44 
21 272 61 294 131 91 213 216 260 136 145 299 80 85 283 152 47 254 278 129 5 279 
32 144 38 252 76 52 183 232 129 124 43 100 82 149 89 253 110 222 77 229 242 102 174 261 80 147 87 223 270 25 27 62 122 
34 43 176 205 64 232 102 255 188 184 55 264 168 267 42 229 181 217 187 196 167 256 248 107 91 152 82 177 3 80 260 77 145 148 166 
36 106 77 130 218 276 108 152 24 15 176 7 97 212 22 268 270 211 90 54 83 20 42 8 91 167 171 32 205 177 48 92 111 283 169 295 223 
43 220 265 21 163 132 288 32 59 191 36 185 117 136 143 159 95 193 227 287 184 242 144 218 90 157 54 296 250 188 8 272 24 276 86 214 68 243 49 215 130 5 179 70 
2 4 103 
23 178 248 177 41 165 220 237 139 102 159 277 254 51 90 185 252 181 291 13 72 179 21 240 
41 149 68 4 176 120 103 197 277 114 185 56 106 10 175 117 53 79 229 132 206 23 198 270 128 44 215 100 95 52 75 81 276 57 204 62 272 133 165 220 11 122 
25 39 199 52 290 249 83 213 211 160 66 11 72 300 278 121 105 187 194 16 261 106 48 148 55 149 
9 219 199 193 146 279 29 242 169 101 
22 25 168 120 180 255 41 20 64 154 244 81 265 8 274 51 253 230 278 135 55 167 109 
37 105 163 167 108 71 224 238 173 267 73 220 210 174 114 110 206 79 207 255 239 265 52 236 38 198 209 274 253 47 112 88 24 217 166 23 3 298 
44 82 248 187 53 226 285 80 296 12 276 138 102 114 97 288 194 161 135 205 128 188 32 146 298 256 245 148 74 73 147 237 278 211 108 219 151 225 168 196 2 246 295 286 20 
16 166 288 120 12 141 168 35 212 90 138 158 222 287 290 218 274 
