100 154
1 2 230
1 3 161
3 4 77
1 5 103
3 6 58
2 7 756
7 8 926
3 9 120
3 10 650
9 11 383
5 12 887
7 13 14
13 14 646
14 15 119
14 16 865
2 17 537
12 18 265
1 19 844
14 20 122
4 21 91
1 22 180
13 23 2
3 24 492
9 25 770
19 26 18
18 27 691
27 28 171
22 29 266
21 30 122
23 31 148
30 32 523
1 33 97
11 34 857
9 35 955
20 36 897
8 37 937
33 38 717
35 39 264
14 40 621
34 41 809
30 42 59
35 43 721
15 44 950
40 45 141
33 46 242
3 47 508
4 48 710
6 49 73
37 50 406
19 51 609
51 52 810
20 53 178
29 54 950
27 55 429
32 56 547
6 57 29
21 58 894
35 59 24
41 60 703
36 61 878
17 62 85
26 63 215
15 64 113
26 65 346
26 66 216
35 67 636
39 68 948
4 69 525
51 70 525
14 71 641
26 72 180
3 73 397
57 74 473
31 75 249
58 76 662
43 77 125
28 78 331
55 79 543
39 80 403
36 81 204
26 82 655
26 83 428
81 84 849
77 85 563
61 86 924
36 87 301
12 88 418
35 89 986
82 90 582
87 91 299
37 92 971
11 93 172
66 94 28
26 95 786
61 96 934
12 97 38
46 98 155
15 99 634
74 100 32
58 22 284
54 1 872
44 3 604
39 68 326
90 78 799
31 44 270
32 52 521
69 41 804
48 78 953
24 94 58
55 54 466
72 38 515
98 19 524
66 62 127
68 53 378
41 95 313
52 35 316
32 94 797
24 47 508
62 67 95
1 24 303
41 80 239
43 56 874
40 40 925
62 53 132
18 15 424
94 6 679
29 98 232
3 86 472
50 32 460
81 22 38
93 38 962
9 87 277
40 89 654
95 93 458
36 99 34
16 55 171
25 98 965
93 79 599
22 6 581
94 31 836
32 74 644
95 98 257
35 83 877
56 61 715
2 59 857
61 13 133
41 27 648
100 67 285
26 37 485
33 63 149
34 96 371
91 53 516
19 69 516
1 34 904
0 
0 
0 
0 
0 
0 
0 
0 
0 
0 
0 
0 
0 
0 
0 
0 
0 
0 
0 
0 
0 
0 
0 
0 
0 
0 
0 
0 
0 
0 
0 
0 
0 
0 
0 
0 
0 
0 
0 
0 
0 
0 
0 
0 
0 
0 
0 
0 
0 
0 
0 
0 
0 
0 
0 
0 
0 
0 
0 
0 
0 
0 
0 
0 
0 
0 
0 
0 
0 
0 
0 
0 
0 
0 
0 
0 
0 
0 
0 
0 
0 
0 
0 
0 
0 
0 
0 
0 
0 
0 
0 
0 
0 
0 
0 
0 
0 
0 
0 
0 
