100 154
1 2 224
1 3 201
3 4 216
3 5 646
2 6 803
4 7 52
4 8 416
6 9 503
6 10 550
8 11 722
7 12 824
2 13 984
9 14 208
13 15 270
6 16 879
1 17 535
8 18 171
4 19 152
5 20 10
18 21 933
17 22 839
11 23 803
18 24 571
17 25 679
15 26 437
1 27 391
16 28 173
10 29 968
23 30 333
27 31 288
6 32 353
26 33 573
1 34 49
10 35 781
33 36 332
1 37 239
2 38 303
4 39 810
12 40 871
18 41 765
39 42 147
30 43 191
17 44 686
9 45 584
1 46 427
7 47 687
37 48 497
20 49 197
19 50 185
47 51 121
8 52 710
47 53 862
35 54 781
16 55 875
39 56 813
25 57 609
5 58 712
5 59 490
51 60 250
8 61 351
1 62 162
53 63 987
16 64 86
57 65 95
6 66 548
23 67 37
61 68 927
5 69 545
5 70 495
28 71 932
15 72 684
21 73 739
43 74 35
16 75 880
15 76 82
35 77 775
14 78 313
50 79 236
76 80 617
63 81 403
15 82 746
66 83 688
53 84 560
31 85 784
63 86 541
9 87 679
50 88 493
16 89 899
22 90 429
57 91 625
70 92 117
6 93 807
79 94 600
10 95 850
63 96 914
95 97 241
25 98 794
43 99 601
42 100 440
28 69 987
72 83 776
49 4 575
47 81 448
16 88 517
81 15 334
77 13 617
83 56 361
16 17 641
31 6 281
14 19 424
71 99 651
55 28 239
73 98 371
85 81 484
37 99 393
93 96 815
15 98 573
19 47 148
8 78 797
59 75 794
100 5 460
45 18 812
25 48 369
6 17 168
89 83 731
39 29 541
75 39 46
81 97 523
75 76 554
21 91 481
13 50 396
88 42 452
67 96 190
100 38 895
97 22 419
75 95 372
80 3 738
65 68 701
76 44 1000
40 34 758
53 47 454
59 52 292
45 65 579
60 34 884
38 83 879
9 92 880
85 24 536
31 98 935
84 1 679
63 77 376
30 73 475
38 69 892
76 14 445
5 14 219
0 
0 
0 
0 
0 
0 
0 
0 
0 
0 
0 
0 
0 
0 
0 
0 
0 
0 
0 
0 
0 
0 
0 
0 
0 
0 
0 
0 
0 
0 
0 
0 
0 
0 
0 
0 
0 
0 
0 
0 
0 
0 
0 
0 
0 
0 
0 
0 
0 
0 
0 
0 
0 
0 
0 
0 
0 
0 
0 
0 
0 
0 
0 
0 
0 
0 
0 
0 
0 
0 
0 
0 
0 
0 
0 
0 
0 
0 
0 
0 
0 
0 
0 
0 
0 
0 
0 
0 
0 
0 
0 
0 
0 
0 
0 
0 
0 
0 
0 
0 
