500 832
1 2 61
1 3 497
2 4 775
3 5 96
3 6 423
4 7 448
1 8 584
6 9 7
2 10 370
2 11 490
6 12 104
4 13 907
5 14 955
6 15 186
11 16 751
12 17 560
4 18 747
5 19 384
6 20 527
11 21 358
16 22 537
17 23 652
1 24 625
3 25 274
25 26 526
16 27 214
13 28 816
24 29 141
28 30 991
1 31 577
28 32 779
31 33 332
4 34 670
15 35 955
22 36 152
1 37 926
19 38 777
29 39 23
2 40 508
38 41 281
36 42 186
12 43 531
21 44 372
24 45 765
41 46 101
32 47 322
46 48 159
35 49 679
34 50 901
11 51 763
10 52 146
27 53 647
49 54 1000
13 55 560
51 56 226
54 57 803
13 58 646
18 59 848
22 60 453
2 61 138
45 62 750
45 63 358
57 64 450
1 65 738
17 66 264
17 67 304
54 68 68
53 69 394
69 70 812
57 71 440
22 72 604
4 73 409
51 74 258
17 75 446
30 76 36
24 77 645
65 78 384
27 79 796
31 80 740
16 81 204
78 82 800
78 83 409
45 84 616
62 85 367
56 86 270
6 87 479
17 88 64
47 89 386
66 90 982
62 91 13
43 92 999
6 93 997
92 94 668
84 95 157
95 96 485
41 97 30
90 98 227
5 99 855
33 100 549
42 101 949
18 102 111
65 103 364
76 104 328
95 105 583
105 106 66
77 107 412
4 108 984
42 109 91
10 110 947
35 111 601
63 112 741
98 113 960
12 114 18
101 115 57
46 116 923
41 117 389
51 118 821
108 119 960
117 120 250
84 121 639
38 122 671
45 123 844
35 124 765
22 125 919
123 126 315
123 127 695
54 128 396
21 129 993
87 130 325
125 131 840
22 132 467
72 133 886
105 134 570
104 135 770
17 136 984
79 137 915
88 138 707
37 139 220
23 140 952
30 141 728
26 142 318
134 143 343
111 144 866
122 145 154
32 146 749
123 147 900
72 148 899
45 149 201
101 150 509
84 151 707
68 152 49
151 153 98
97 154 999
131 155 556
95 156 448
104 157 255
28 158 179
69 159 698
126 160 240
39 161 490
66 162 640
77 163 340
83 164 844
163 165 349
92 166 469
26 167 554
38 168 28
52 169 134
109 170 892
158 171 46
97 172 525
42 173 563
108 174 106
130 175 248
132 176 132
86 177 842
66 178 32
168 179 672
13 180 990
75 181 139
71 182 804
61 183 272
147 184 107
167 185 452
84 186 873
1 187 520
57 188 54
171 189 205
143 190 290
184 191 120
35 192 527
63 193 769
152 194 939
121 195 49
89 196 90
3 197 403
142 198 9
137 199 229
127 200 765
7 201 46
77 202 949
104 203 218
172 204 973
60 205 756
150 206 837
148 207 155
176 208 706
120 209 928
192 210 59
186 211 31
201 212 30
106 213 228
46 214 332
173 215 128
192 216 386
172 217 700
188 218 810
215 219 485
34 220 49
220 221 585
109 222 370
154 223 993
26 224 315
123 225 463
51 226 839
192 227 817
168 228 228
121 229 727
40 230 701
72 231 154
224 232 882
127 233 917
186 234 359
17 235 145
129 236 882
99 237 547
62 238 657
147 239 289
113 240 604
48 241 773
84 242 638
64 243 16
82 244 466
131 245 803
210 246 564
240 247 826
180 248 301
207 249 762
229 250 715
227 251 589
144 252 209
121 253 595
63 254 986
94 255 731
47 256 116
253 257 50
1 258 570
82 259 108
130 260 130
104 261 617
53 262 745
42 263 609
223 264 452
76 265 555
214 266 448
62 267 385
137 268 524
55 269 865
70 270 557
263 271 256
47 272 994
60 273 280
9 274 194
45 275 748
106 276 899
80 277 352
204 278 588
5 279 70
139 280 581
238 281 407
17 282 109
52 283 279
42 284 460
92 285 820
150 286 90
35 287 368
80 288 752
228 289 932
3 290 286
104 291 1000
247 292 820
80 293 217
56 294 653
11 295 722
292 296 929
70 297 686
266 298 930
224 299 117
243 300 481
73 301 181
151 302 450
137 303 282
124 304 429
302 305 273
70 306 302
65 307 33
113 308 7
175 309 980
67 310 413
246 311 181
252 312 872
75 313 785
150 314 895
235 315 691
204 316 116
76 317 459
168 318 251
53 319 319
37 320 433
144 321 589
314 322 450
266 323 191
128 324 707
138 325 360
248 326 90
246 327 238
271 328 851
46 329 656
291 330 668
215 331 666
74 332 491
284 333 423
67 334 558
283 335 206
185 336 540
213 337 424
331 338 386
128 339 993
257 340 160
219 341 405
260 342 125
137 343 93
16 344 904
262 345 970
322 346 361
293 347 577
38 348 336
6 349 96
222 350 420
60 351 616
175 352 286
34 353 651
294 354 214
140 355 296
352 356 46
332 357 188
238 358 639
73 359 51
198 360 673
163 361 192
47 362 607
247 363 673
153 364 441
180 365 831
207 366 795
195 367 788
184 368 879
321 369 326
233 370 255
189 371 667
306 372 37
257 373 269
170 374 966
290 375 128
64 376 92
101 377 809
65 378 412
316 379 306
330 380 432
245 381 931
6 382 165
381 383 675
113 384 287
57 385 368
74 386 43
204 387 11
332 388 477
248 389 767
94 390 428
320 391 675
221 392 699
229 393 870
249 394 73
247 395 235
83 396 299
337 397 798
371 398 921
77 399 101
225 400 846
34 401 650
372 402 331
57 403 176
210 404 239
75 405 291
322 406 24
307 407 989
285 408 165
178 409 375
254 410 567
124 411 93
359 412 332
388 413 549
324 414 206
97 415 529
400 416 492
149 417 603
103 418 88
150 419 417
327 420 793
9 421 9
277 422 505
144 423 238
30 424 154
356 425 419
365 426 316
207 427 991
38 428 186
315 429 98
406 430 78
171 431 368
53 432 994
89 433 452
10 434 192
248 435 326
185 436 444
135 437 344
293 438 305
84 439 997
392 440 233
396 441 818
219 442 962
49 443 842
207 444 581
178 445 381
150 446 344
434 447 361
114 448 414
310 449 140
205 450 813
86 451 976
68 452 865
364 453 976
51 454 303
90 455 482
116 456 572
289 457 182
265 458 127
23 459 270
15 460 837
435 461 125
304 462 492
423 463 965
117 464 953
53 465 172
456 466 262
60 467 7
227 468 254
52 469 378
255 470 131
72 471 318
176 472 98
115 473 908
375 474 653
240 475 770
434 476 338
440 477 779
459 478 530
128 479 203
437 480 644
253 481 308
119 482 602
291 483 770
11 484 717
312 485 814
293 486 101
170 487 305
354 488 643
451 489 119
239 490 523
115 491 478
311 492 604
340 493 119
434 494 842
388 495 580
217 496 45
422 497 867
349 498 347
130 499 490
182 500 884
9 494 267
47 78 768
297 73 103
44 8 200
183 288 475
164 176 516
472 405 100
7 122 410
456 253 889
133 31 779
318 375 989
93 331 705
207 70 450
354 342 318
213 241 62
342 259 289
120 138 6
266 358 891
476 230 902
71 373 356
130 373 664
134 266 520
408 431 527
326 13 826
84 33 19
25 247 258
154 232 776
199 238 213
477 267 431
298 249 652
301 466 990
39 473 239
273 467 436
390 313 946
312 309 182
402 458 174
119 455 614
266 260 872
254 473 702
85 306 144
415 92 91
427 299 102
212 134 245
496 426 547
438 186 433
176 228 982
417 103 16
484 430 815
280 375 683
209 264 209
136 381 183
233 204 184
42 250 350
146 197 245
407 448 592
335 142 646
74 64 103
190 241 675
308 226 954
254 117 543
195 86 608
249 348 896
53 432 397
50 24 526
60 1 91
15 51 897
227 54 912
19 93 557
304 171 238
202 79 756
271 77 411
453 66 640
214 51 680
158 453 195
279 192 719
220 335 739
274 152 91
339 445 332
39 423 587
275 118 199
8 445 659
386 412 302
340 346 584
102 127 391
451 87 197
184 9 622
120 449 903
132 46 889
217 218 900
256 345 794
272 414 442
101 234 59
101 313 600
156 363 405
110 120 521
457 144 339
166 357 480
175 145 236
450 120 918
126 127 467
347 104 299
260 435 311
7 70 867
199 374 755
30 467 505
445 387 571
221 121 322
352 311 169
105 196 808
285 283 462
185 333 910
140 40 582
166 461 884
95 284 924
84 227 417
161 240 602
342 285 902
228 212 969
429 155 901
99 227 795
372 300 808
75 197 648
414 278 759
196 70 233
115 22 384
271 402 835
396 183 681
167 122 516
22 339 796
245 201 387
261 171 199
191 307 569
375 46 165
308 78 569
238 74 541
261 184 506
371 146 823
105 23 317
37 309 951
181 169 965
39 244 223
75 133 590
61 202 185
165 92 735
414 418 487
130 383 98
200 286 209
130 4 521
182 100 343
266 256 264
5 253 626
4 94 459
196 230 405
426 498 772
206 417 642
196 45 384
300 450 262
158 212 426
323 240 30
404 265 58
53 294 101
139 156 974
384 28 44
150 279 607
197 20 532
25 162 915
228 148 506
201 439 139
308 12 993
382 36 721
207 69 950
266 362 102
169 343 2
277 99 51
322 400 750
17 153 888
281 54 468
412 5 353
500 331 705
198 450 164
388 252 498
365 235 835
471 7 181
197 46 443
480 400 905
19 204 742
332 52 810
296 374 378
473 261 260
193 183 843
363 415 783
49 258 429
86 420 868
87 167 358
379 326 653
480 219 868
301 444 888
101 181 852
33 153 433
431 489 526
281 35 550
180 394 39
315 296 110
403 369 870
267 4 65
270 157 534
487 306 2
252 320 971
395 451 4
324 237 648
365 361 96
56 471 859
323 157 829
139 344 360
49 77 38
420 460 233
277 317 630
488 28 799
44 290 896
160 338 389
166 315 728
491 146 565
477 68 757
333 341 717
282 419 674
322 180 938
483 321 977
356 209 954
426 428 673
302 338 540
234 423 827
17 207 237
64 225 208
366 357 568
121 7 208
124 307 795
88 436 122
248 423 846
262 29 176
279 136 302
411 238 909
144 157 519
117 424 791
168 494 709
68 355 826
46 491 409
214 200 967
264 399 478
43 35 379
130 472 222
342 323 284
421 316 906
90 363 740
322 269 729
451 296 368
108 129 9
364 76 573
236 437 314
374 194 648
459 86 471
28 281 191
245 209 187
201 489 256
113 108 303
490 140 246
470 405 571
26 105 699
466 320 558
105 471 910
481 153 915
410 151 334
393 362 666
121 319 641
146 96 166
489 260 181
431 77 131
418 153 767
19 187 669
430 311 333
478 405 58
29 380 288
473 298 27
26 463 37
250 57 193
209 158 927
192 397 590
294 198 863
79 258 786
157 219 959
149 164 591
302 172 748
239 328 644
12 470 930
18 10 658
295 459 119
490 229 379
230 182 191
178 78 817
300 78 792
432 455 310
469 441 189
250 47 789
487 23 140
242 205 238
383 214 294
195 483 830
86 158 571
316 344 621
386 180 190
141 354 181
221 315 875
357 434 476
88 261 900
401 325 735
341 179 971
287 336 825
168 41 408
190 48 220
39 110 787
337 314 688
49 220 398
41 151 608
225 140 874
351 475 241
194 125 475
92 133 704
401 106 952
309 285 354
86 32 141
411 208 273
392 70 606
30 289 285
85 301 975
5 209 115 191 134 237 
10 26 127 10 283 50 218 228 123 85 261 
50 183 288 191 22 100 200 236 155 102 223 35 266 31 289 137 298 139 65 260 97 15 54 105 160 34 41 181 127 215 179 219 73 44 19 58 194 132 163 277 172 23 173 209 6 216 128 104 246 30 42 
31 121 241 129 240 9 213 235 45 258 115 247 14 210 190 93 233 77 272 237 182 220 79 15 107 64 298 297 3 164 33 13 
11 208 18 90 233 235 237 261 132 279 99 182 
22 40 109 279 208 190 116 79 22 154 63 245 205 170 149 260 243 28 191 91 1 17 161 
6 162 5 272 194 123 111 
41 215 76 114 283 111 65 100 170 110 192 162 243 28 54 293 182 55 109 11 123 12 145 180 48 234 253 127 211 19 276 292 4 113 91 124 196 125 235 160 230 128 
21 2 228 81 73 178 175 217 122 188 151 32 274 255 36 10 186 152 137 63 212 87 
31 268 266 99 136 105 264 85 223 138 43 68 15 60 32 58 56 210 250 189 140 272 195 42 198 122 285 256 193 215 186 144 
17 193 221 236 148 177 124 211 39 282 142 6 237 91 46 151 189 168 
22 280 99 24 79 192 245 34 293 15 207 147 229 176 217 87 9 296 262 100 200 220 19 
33 145 297 227 44 5 263 269 246 12 6 97 84 243 30 28 233 110 68 235 114 54 136 239 295 228 118 148 271 33 170 199 9 191 
46 126 252 151 2 137 37 129 101 64 71 163 15 73 226 134 57 240 28 275 188 127 229 166 156 231 224 110 298 83 225 209 285 80 164 125 70 274 56 45 65 291 39 227 215 243 269 
50 162 73 63 107 259 85 249 99 128 17 51 24 134 278 118 147 123 74 135 200 70 18 121 56 6 208 184 300 152 82 172 77 25 140 112 43 151 197 40 210 47 272 291 231 276 36 202 295 97 242 
40 261 141 170 79 177 269 195 298 21 81 6 93 57 192 284 183 102 117 296 111 133 22 5 127 56 142 143 68 85 16 50 110 295 249 181 18 268 37 36 227 
25 90 138 275 133 36 222 109 195 4 200 91 121 116 228 188 298 266 155 30 277 105 34 225 7 108 
1 120 
45 183 95 79 166 78 199 119 193 263 27 28 243 130 276 75 33 283 196 14 216 172 109 53 212 118 98 206 211 94 160 72 207 285 190 255 76 140 6 291 146 191 254 282 156 36 
36 255 258 92 134 263 65 272 235 202 101 222 177 171 109 271 254 115 84 220 172 93 129 215 246 40 35 248 127 58 131 103 8 206 31 182 265 
21 283 61 66 170 201 55 300 44 107 250 29 294 108 298 70 37 281 57 133 86 138 
27 272 5 23 242 110 55 104 138 229 146 120 30 72 300 189 47 293 107 43 117 265 280 76 94 239 53 166 
40 142 64 247 34 259 269 109 90 103 171 116 31 49 216 281 25 134 298 108 74 96 228 113 88 137 152 215 43 248 56 65 297 153 80 209 173 69 296 146 63 
4 256 290 33 186 
43 239 262 152 248 60 98 243 115 15 47 141 54 29 111 40 228 208 257 52 100 284 61 203 168 138 133 116 93 279 235 124 222 22 137 87 62 59 140 73 32 2 163 261 
25 50 19 97 86 255 24 144 208 287 92 257 114 120 125 261 76 133 39 134 129 112 259 253 202 213 
35 275 201 79 189 10 247 273 48 157 174 207 1 209 132 267 25 280 91 5 116 277 51 62 237 205 57 50 211 197 49 164 176 138 101 22 
48 113 291 72 34 274 129 126 143 67 38 230 79 260 277 184 108 295 204 46 64 280 187 296 68 205 242 170 45 73 125 5 88 58 292 92 264 107 173 182 267 231 146 147 32 266 227 210 282 
36 113 94 88 42 163 180 187 114 101 285 32 273 136 97 280 130 142 195 26 119 223 48 268 105 196 238 185 124 17 171 27 70 298 84 5 147 
45 166 55 90 209 184 148 273 71 116 272 113 159 127 111 285 286 130 235 267 188 54 205 110 275 258 265 16 172 242 300 39 206 216 288 1 190 76 143 260 22 112 74 252 134 64 
16 192 71 139 79 179 129 8 59 183 5 96 46 274 163 128 256 
35 5 84 106 240 151 135 103 172 30 143 213 85 70 51 50 174 27 139 118 207 298 247 38 12 163 58 243 99 82 169 71 261 122 81 142 
48 11 63 21 123 242 41 68 17 278 98 184 227 82 138 187 147 248 86 291 65 272 87 33 163 189 169 79 256 91 257 96 199 26 124 106 175 104 111 245 275 177 4 219 1 12 281 250 57 
4 113 170 224 32 
14 252 181 272 267 265 164 28 125 150 151 263 238 234 48 
50 270 83 119 122 215 84 183 250 139 266 87 283 203 176 200 282 281 179 125 14 265 149 240 191 239 2 135 47 103 237 178 95 299 55 136 57 51 97 130 257 217 272 233 151 209 165 269 33 216 202 
9 298 151 2 57 203 284 11 85 103 
46 213 17 290 21 287 138 115 246 200 281 90 131 296 272 25 164 297 215 263 100 48 197 243 289 107 194 170 205 222 235 163 240 218 141 161 94 23 46 129 228 125 285 259 2 143 65 
46 43 10 80 98 64 177 91 55 214 186 169 82 194 285 184 61 224 97 264 263 50 286 121 232 15 185 75 260 191 262 143 162 245 127 282 109 67 275 104 192 225 83 111 53 156 88 
38 86 232 228 84 109 44 52 65 33 208 97 221 16 129 31 117 280 102 299 272 87 183 85 9 255 141 62 106 58 126 206 209 288 145 50 107 83 238 
37 281 21 217 272 23 189 30 289 173 247 194 54 83 245 74 2 77 11 26 84 218 135 231 294 125 50 244 273 270 110 104 114 70 87 51 150 63 
4 300 99 124 76 
12 158 42 183 269 58 19 163 83 213 32 234 229 
36 24 82 183 79 76 64 101 150 72 235 230 13 41 21 198 23 156 124 173 96 273 275 47 285 10 75 278 164 162 17 112 122 157 85 9 78 
21 63 133 102 85 262 189 223 51 191 206 147 205 275 288 126 161 249 222 17 120 296 
21 153 216 22 48 71 251 70 212 193 262 27 65 112 143 44 165 128 23 35 297 69 
43 276 155 252 109 45 208 26 54 104 10 15 223 266 13 275 289 23 80 96 41 11 94 293 33 263 123 18 79 37 69 279 107 48 146 91 296 210 140 249 219 198 234 124 
41 149 129 101 161 279 44 1 202 251 48 207 115 75 34 51 249 93 131 297 261 86 89 221 50 139 250 174 289 194 144 193 38 204 169 83 39 205 273 247 72 284 
6 1 40 291 218 21 231 
41 153 144 67 237 244 16 280 193 86 43 212 102 175 42 187 53 30 64 123 87 74 29 279 226 242 189 276 290 241 188 116 289 71 12 135 292 268 286 211 260 35 
2 273 219 
7 275 284 7 279 11 56 188 
6 80 210 285 113 35 45 
11 268 260 196 56 228 34 129 199 152 85 8 
36 261 119 292 110 206 184 275 67 80 267 33 123 107 6 179 75 277 185 52 117 30 283 160 44 73 222 193 92 210 58 50 158 8 23 201 7 
4 236 186 211 94 
1 128 
14 242 288 105 223 204 100 125 220 253 291 209 174 142 271 
8 221 113 281 125 78 20 12 163 
46 176 50 162 96 256 238 280 121 61 274 111 172 109 254 278 26 197 160 71 185 174 113 270 170 85 10 286 154 180 195 14 92 247 18 265 208 200 257 21 72 246 126 137 148 229 141 
32 294 97 290 267 54 31 108 280 191 9 70 252 104 145 95 103 119 30 216 233 75 275 37 270 165 51 47 13 96 193 207 120 
9 148 8 145 195 156 179 212 102 144 
31 213 113 256 103 240 40 10 203 259 296 251 78 133 147 195 235 124 196 58 288 130 20 121 19 93 163 218 300 291 258 168 
47 137 195 159 100 19 101 168 83 282 127 192 27 69 14 185 82 88 71 67 269 29 259 49 64 299 46 105 120 208 26 214 275 293 238 221 216 33 110 274 182 224 211 219 128 213 146 30 
13 172 268 287 49 139 260 199 73 19 218 250 101 297 
29 255 199 177 117 152 60 97 269 228 279 15 225 70 213 268 270 149 3 158 132 233 34 111 25 298 55 155 124 206 
34 78 6 199 50 51 138 17 196 93 26 20 108 211 212 213 262 36 133 150 139 28 255 296 226 162 74 187 16 287 256 268 125 14 250 
25 168 144 65 87 117 258 26 166 217 225 274 21 113 237 182 199 93 143 64 213 277 135 181 291 299 
47 228 26 248 29 55 60 126 104 258 222 159 160 98 289 216 49 14 171 276 179 219 74 70 278 59 8 35 145 299 251 50 102 137 132 155 298 300 193 48 166 167 127 117 240 136 39 183 
17 227 257 218 297 68 137 47 242 249 189 208 85 140 233 217 272 52 
38 167 192 30 186 40 35 282 88 104 283 154 55 15 91 96 233 203 111 115 18 198 49 299 163 150 76 119 266 196 253 250 132 251 244 105 131 243 107 
41 150 35 9 272 236 276 161 165 13 254 197 18 181 212 140 294 209 300 261 166 194 77 84 237 200 234 198 87 274 70 135 55 192 76 263 227 119 195 41 167 199 
13 253 40 23 264 293 50 182 230 25 270 89 267 159 
3 286 52 46 
33 70 114 14 10 35 206 60 158 214 198 292 169 223 217 98 28 219 147 141 272 5 163 236 6 56 250 195 155 15 253 262 81 1 
29 178 108 188 56 38 54 155 215 22 103 183 209 204 253 299 280 82 210 127 126 206 10 95 142 164 107 195 272 277 
11 228 292 106 287 77 145 98 47 268 88 223 
23 87 22 275 45 222 68 20 280 175 7 139 128 14 96 278 290 126 239 291 2 135 28 108 
13 120 185 187 59 78 264 255 26 92 173 83 109 25 
21 30 60 14 53 115 102 231 130 180 220 219 187 197 205 144 284 69 163 256 121 54 
33 186 202 290 178 112 21 89 190 200 156 176 268 158 3 284 80 10 119 39 195 249 22 175 50 211 274 149 275 242 34 238 26 245 
36 38 21 219 164 186 268 56 125 151 240 129 108 60 91 64 293 280 177 231 16 285 3 236 165 173 67 15 273 69 249 20 292 48 117 106 66 
4 19 192 57 102 
12 49 187 233 14 157 112 99 115 189 65 134 275 
19 281 5 145 114 203 180 244 181 216 153 117 37 151 205 48 12 162 270 59 
11 106 30 19 180 37 168 210 241 239 14 263 
3 104 162 191 
50 256 141 112 240 261 285 169 88 152 65 281 6 68 99 147 92 288 121 213 250 115 268 55 77 82 21 263 32 56 35 64 37 235 130 22 173 160 247 27 122 210 70 203 209 157 69 230 17 98 81 
16 228 160 230 141 87 93 240 132 239 288 209 296 130 163 114 126 
27 45 82 178 123 278 256 116 234 205 241 297 3 93 15 258 75 111 48 232 279 33 285 72 9 300 196 66 
33 167 195 91 76 259 63 209 130 268 14 297 177 67 78 144 77 206 163 112 258 21 129 106 208 94 84 296 16 233 95 97 4 210 
6 39 284 26 73 179 228 
38 40 152 206 204 284 154 80 27 208 29 96 62 181 113 52 244 187 21 32 122 23 281 289 16 297 20 107 196 296 174 195 37 47 28 61 25 193 264 
26 183 15 156 272 238 225 136 48 211 117 260 95 109 103 93 111 17 164 74 177 90 153 277 249 134 262 
1 224 
9 268 239 175 39 45 217 61 249 42 
25 105 56 239 253 41 233 250 186 99 19 91 174 22 273 138 170 152 6 57 228 137 51 60 11 94 
10 190 143 298 226 62 165 144 214 245 123 
39 46 135 71 20 76 272 233 297 110 217 228 300 49 237 33 136 280 249 298 236 36 213 44 165 158 181 277 176 207 256 70 243 126 148 30 2 59 269 153 
12 232 84 19 10 183 163 70 299 68 283 269 91 
41 256 255 35 19 273 46 161 286 17 101 241 275 22 143 276 142 248 45 51 104 120 272 13 294 11 70 193 32 243 68 121 205 117 285 251 85 49 190 189 119 155 
16 258 167 62 174 30 142 140 110 164 225 28 135 77 118 162 114 
17 24 145 98 227 238 268 183 89 291 15 207 232 81 199 298 22 236 
49 9 61 176 68 224 235 234 248 236 86 202 22 254 262 208 265 189 36 193 241 274 250 244 106 246 12 164 131 121 31 163 295 184 272 298 67 252 160 218 80 243 19 197 285 51 96 257 299 148 
9 119 118 258 94 144 211 79 7 88 
22 234 137 199 39 65 285 72 45 127 131 119 126 173 237 226 25 116 134 85 172 206 198 
6 214 100 259 93 185 136 
8 20 297 252 240 237 119 13 293 
27 225 264 96 151 198 133 70 117 253 3 172 260 235 197 65 52 202 110 99 175 204 269 98 271 11 245 200 
9 268 212 202 293 258 244 273 91 111 
2 294 298 
17 89 10 51 207 269 287 170 66 232 167 38 250 178 248 55 115 231 
9 73 206 289 156 90 121 62 176 244 
3 276 281 106 
47 196 214 181 259 8 167 113 254 136 175 36 255 62 299 149 168 21 91 130 134 95 280 165 51 87 211 119 46 50 61 232 184 191 300 126 193 180 237 189 107 222 276 80 2 230 171 268 
43 281 200 152 239 115 44 150 170 102 248 251 270 225 162 216 8 186 265 83 30 52 74 17 62 94 36 155 114 290 164 284 28 264 72 118 196 124 295 294 187 140 133 109 
19 193 143 163 258 100 198 202 168 156 285 195 266 106 59 236 223 230 170 292 
43 103 249 261 169 36 189 29 50 177 119 239 72 79 168 213 38 205 242 24 138 39 99 73 77 113 263 108 46 149 150 157 69 26 41 74 223 234 243 125 206 241 129 284 
41 117 171 272 85 51 189 207 172 132 129 212 101 300 175 36 86 96 110 266 92 54 102 252 77 281 285 211 277 247 222 63 148 273 192 68 58 259 107 191 268 288 
39 234 167 172 183 213 122 40 222 131 137 8 292 274 24 28 256 107 29 31 300 20 182 219 109 21 110 280 67 189 76 119 86 233 113 102 74 162 191 212 
45 113 187 265 227 169 96 120 160 10 125 151 11 195 109 50 236 17 143 150 299 288 75 80 283 257 37 201 153 72 26 79 82 112 274 237 144 71 7 261 38 208 263 95 243 163 
31 106 177 37 184 181 74 170 228 102 34 219 144 66 71 239 23 61 32 235 166 251 236 78 149 85 141 162 275 193 250 277 
8 253 159 58 286 191 147 210 276 
9 91 239 214 158 46 256 273 200 47 
45 252 190 23 294 15 10 72 94 4 218 65 194 3 2 154 77 7 297 62 206 269 58 151 132 222 81 266 75 153 33 188 140 282 230 296 17 38 166 102 148 202 255 27 95 129 
31 42 234 58 246 122 161 43 285 197 124 3 109 145 171 199 57 34 202 94 97 105 2 243 150 253 277 185 230 12 115 112 
32 37 285 27 297 59 70 155 248 108 261 143 102 267 159 282 266 42 181 253 11 78 212 23 210 75 144 61 48 268 20 280 117 
43 131 248 296 278 228 300 119 152 202 213 298 299 225 160 137 244 172 33 4 222 157 44 201 55 226 46 98 254 186 88 279 237 219 144 197 56 242 71 25 20 2 192 121 
10 49 72 21 30 191 217 118 254 79 269 
38 141 237 155 161 191 254 46 51 143 188 110 269 248 226 47 72 154 119 206 100 106 176 9 121 170 163 230 43 88 247 283 196 101 214 12 300 268 30 
45 33 199 163 258 132 206 75 17 255 288 259 219 237 122 42 121 247 208 7 248 173 204 103 216 50 156 249 20 277 166 286 178 220 147 253 102 169 19 43 16 139 106 158 77 202 
33 224 83 238 161 277 234 168 256 207 36 293 253 245 298 296 252 95 214 206 240 23 297 273 87 241 278 101 279 190 110 70 64 201 
9 175 198 297 65 161 205 180 164 166 
37 53 298 240 72 231 112 251 293 150 86 161 79 67 225 93 194 45 111 247 236 10 268 184 24 299 98 59 89 52 174 64 242 27 278 157 237 5 
10 234 51 175 132 16 235 262 177 52 133 
20 145 73 1 248 134 119 107 183 77 35 137 177 127 159 216 109 43 59 102 69 
4 42 25 246 81 
47 115 299 148 189 297 255 126 83 233 125 96 46 237 25 97 293 174 24 168 4 5 107 63 71 273 199 84 243 224 175 257 80 197 287 294 112 18 36 159 14 283 155 281 177 162 127 121 
21 206 2 190 140 218 72 294 209 295 198 127 23 4 159 160 214 123 102 126 211 271 
22 138 24 277 215 288 6 274 60 186 92 267 226 144 159 103 167 235 70 234 184 112 53 
20 207 266 191 101 222 278 151 248 182 87 65 5 125 31 272 179 171 25 271 268 
5 130 235 107 143 261 
12 256 148 43 124 108 249 154 233 174 238 291 67 
12 144 81 233 214 32 216 283 207 238 158 148 166 
4 217 125 37 270 
19 53 291 20 39 54 195 119 174 136 246 300 176 169 286 172 268 257 297 262 
15 234 203 194 89 247 128 91 258 212 24 284 117 162 273 59 
45 113 106 138 151 5 264 176 24 40 9 34 168 236 211 44 172 154 284 246 51 155 79 162 243 122 117 257 205 293 279 170 27 110 35 57 20 150 142 107 280 94 157 245 283 223 
28 51 107 156 294 288 36 86 283 145 121 221 122 224 182 153 142 55 179 242 33 106 199 127 132 119 8 69 195 
8 297 50 76 181 275 184 93 106 
5 161 123 159 289 52 
10 151 93 112 270 11 77 84 250 57 27 
3 131 20 185 
43 127 170 174 109 89 137 6 64 212 263 168 69 128 164 23 3 45 60 288 112 239 121 187 152 44 289 24 62 244 284 78 240 206 233 68 53 15 122 104 246 205 196 190 
50 151 66 157 258 141 104 103 210 25 109 132 100 276 160 5 80 185 176 38 134 275 182 42 26 123 115 152 263 62 2 259 189 237 168 64 81 299 37 224 34 83 245 167 181 164 96 216 153 200 235 
8 266 28 135 167 298 205 240 10 
39 195 99 103 118 44 15 187 135 284 199 31 83 125 61 219 247 260 95 131 292 124 78 64 165 90 173 204 134 68 162 153 73 249 87 47 254 268 282 33 
32 170 213 138 52 129 97 23 43 229 84 158 14 189 279 208 78 71 253 281 297 98 103 128 116 133 92 179 211 283 191 9 111 
18 204 88 178 141 113 172 265 49 179 134 239 115 225 93 208 70 56 23 
48 124 294 178 184 221 287 54 131 97 160 35 13 47 232 86 4 166 219 107 20 105 18 81 250 223 222 291 113 80 104 21 251 290 280 228 10 249 125 254 24 129 269 142 14 32 92 295 89 
39 199 189 136 157 175 226 182 28 217 289 74 255 169 31 208 171 104 90 254 170 251 83 252 168 179 30 84 162 46 218 47 176 139 125 180 133 122 160 71 
10 252 18 298 93 108 61 296 278 177 136 
25 111 78 51 163 63 176 49 167 61 170 153 174 194 41 300 15 35 95 107 185 23 235 221 291 232 
20 20 277 263 200 17 102 213 254 44 53 255 186 237 205 49 204 164 28 67 132 
13 33 240 100 289 152 52 275 269 35 43 130 236 67 
20 98 196 253 286 270 237 111 230 141 118 160 51 79 43 260 166 231 153 122 183 
12 89 176 271 99 232 166 26 251 51 72 201 117 
26 61 24 270 268 70 43 192 59 188 203 14 80 98 276 129 110 227 213 40 84 176 191 244 101 196 9 
42 231 291 199 238 84 18 268 254 246 300 101 59 78 248 278 171 288 129 144 150 53 67 228 183 111 97 204 147 62 112 188 287 132 263 138 167 299 142 211 193 164 271 
7 62 3 214 174 272 266 140 
16 214 22 195 162 283 289 240 39 81 263 135 205 287 41 139 50 
40 276 252 149 127 12 293 65 220 126 219 62 197 136 14 50 89 257 259 130 137 13 289 296 56 217 49 199 53 2 162 272 249 210 80 222 144 10 286 263 193 
9 82 143 63 221 202 21 300 111 48 
49 60 163 11 78 37 284 230 94 2 93 158 275 182 108 160 22 256 171 47 216 150 83 225 30 70 28 219 299 131 99 98 280 97 48 82 12 259 127 50 226 255 139 119 109 128 242 64 201 85 
43 294 29 122 295 183 202 288 163 97 283 274 117 124 189 257 19 62 259 61 28 181 251 287 23 115 47 155 53 253 106 270 7 190 166 290 188 223 298 209 130 144 200 221 
7 207 169 271 294 158 288 221 
10 218 137 197 264 71 223 111 119 21 199 
46 95 111 294 128 5 210 41 155 65 52 156 15 102 61 203 46 163 153 216 25 106 135 177 58 3 87 233 289 215 222 214 14 43 123 29 274 260 120 139 258 88 53 18 68 275 175 
1 210 
48 291 226 255 161 235 242 278 246 76 253 103 206 41 250 64 120 17 236 277 40 94 33 195 126 279 71 51 114 243 104 261 69 189 158 260 81 99 162 122 296 197 248 38 54 265 207 234 53 
13 161 132 234 217 297 3 14 289 196 174 298 288 45 
33 183 217 239 156 130 252 167 266 231 211 226 53 213 11 131 113 117 197 54 48 158 216 160 270 79 283 18 46 204 281 293 21 86 
28 211 14 143 117 195 165 221 197 215 32 210 186 160 132 271 200 79 258 177 153 6 17 27 209 286 294 199 204 
40 12 80 231 79 3 298 48 36 212 192 27 92 136 211 109 17 255 169 25 221 187 219 280 278 123 39 234 137 55 198 197 104 300 173 194 299 134 130 64 29 
26 240 202 273 299 236 186 123 165 234 133 40 246 94 31 55 29 135 8 136 198 258 132 201 298 283 6 
36 245 31 264 141 107 206 202 92 287 171 236 260 12 296 221 248 156 93 272 126 46 232 30 294 161 298 79 18 157 125 76 70 238 177 44 265 
38 27 76 188 285 289 213 3 178 201 260 174 154 246 110 175 189 36 115 147 276 82 56 45 91 134 85 11 220 163 95 25 12 203 266 131 23 280 144 
36 237 74 98 210 43 14 290 126 130 207 300 12 49 208 56 8 90 215 229 269 172 284 27 228 110 154 199 66 33 160 44 186 105 107 151 22 
44 24 247 88 155 105 131 204 165 211 254 238 167 10 281 7 18 221 278 245 16 61 195 220 206 260 75 82 222 275 77 154 36 181 298 199 253 233 172 295 127 212 122 215 182 
49 81 64 67 288 128 271 254 22 213 47 14 60 44 27 278 270 123 58 161 245 299 217 118 28 117 4 12 114 146 263 15 280 187 232 211 93 264 243 258 116 99 194 41 203 122 24 221 239 159 
14 166 8 12 68 26 294 271 276 203 2 170 213 265 242 
11 121 3 142 284 267 53 97 127 201 47 52 
9 219 249 240 244 274 177 287 70 109 
10 87 265 181 126 188 79 182 70 18 133 
22 121 173 130 127 93 2 159 179 183 82 158 30 97 96 11 132 169 287 33 6 219 7 
15 194 231 53 48 186 196 30 286 69 228 129 143 41 158 152 
29 235 220 162 42 193 228 87 252 10 257 92 114 295 185 178 208 72 190 115 290 165 14 282 81 250 108 254 168 91 
37 3 174 7 49 187 30 34 218 89 61 129 185 118 136 198 29 155 137 116 243 250 18 281 151 282 197 208 33 145 298 14 272 107 263 28 17 163 
38 234 163 281 140 255 25 123 270 117 219 4 201 105 242 93 177 50 228 226 68 42 293 3 271 178 143 54 78 190 41 184 262 100 266 202 195 63 65 
36 267 200 284 10 95 163 146 104 152 290 21 193 35 22 228 57 237 231 100 252 211 131 197 264 58 135 219 209 293 136 55 150 56 109 110 91 
21 29 260 84 94 144 279 291 194 132 134 86 98 278 59 188 189 283 219 218 24 288 
50 228 296 129 217 11 32 41 139 103 165 3 45 290 64 77 192 202 149 276 49 81 118 13 51 39 117 226 126 104 123 160 231 6 133 143 219 10 137 61 162 281 44 88 78 84 244 5 105 82 163 
28 143 290 58 221 179 43 259 296 83 131 114 63 232 190 127 93 3 64 210 186 225 104 231 67 295 150 17 205 
6 134 212 257 205 231 17 
26 166 97 143 192 55 87 51 12 226 84 291 219 155 116 154 239 20 209 3 111 225 123 256 222 177 32 
3 147 204 116 
32 292 23 45 293 17 157 258 111 14 164 173 152 155 43 125 296 54 73 25 81 206 246 142 187 32 196 195 147 291 270 204 64 
38 218 133 185 203 167 286 49 226 214 57 13 285 134 132 146 44 130 262 159 138 100 199 298 237 142 210 89 119 84 279 205 27 104 240 26 230 235 187 
13 290 260 257 46 216 177 185 281 183 121 228 248 137 
16 9 162 12 5 192 223 130 10 194 276 36 203 236 296 137 256 
48 53 184 44 244 198 264 142 183 8 72 136 285 297 240 269 98 11 286 241 256 161 202 254 206 57 83 12 255 140 165 118 100 180 229 87 177 300 20 237 133 147 26 97 35 105 134 36 135 
1 167 
7 169 241 184 160 34 285 173 
29 44 276 77 290 189 87 107 277 285 15 65 220 35 153 274 190 131 39 13 229 149 120 248 168 142 143 101 242 254 
3 216 192 181 
21 97 30 167 207 130 203 32 260 109 164 51 71 10 115 168 53 204 112 196 149 124 
40 74 46 169 284 59 86 218 296 205 147 97 101 272 2 162 251 81 254 71 19 239 50 137 216 190 133 67 209 228 94 145 221 236 174 96 35 156 20 183 234 
16 32 30 196 275 209 39 124 121 165 54 82 132 153 217 80 296 
1 96 
49 181 18 74 44 138 58 244 125 234 248 185 71 124 27 126 87 13 97 299 130 217 141 156 233 208 104 277 78 284 98 292 300 180 85 56 69 83 291 274 240 41 23 232 186 165 229 204 255 155 
22 64 96 4 85 98 67 62 179 39 84 28 210 3 261 295 82 58 139 88 23 168 211 
46 94 155 205 28 19 2 223 282 70 60 189 196 116 281 48 228 164 173 283 91 34 63 130 289 114 275 297 113 1 43 10 207 68 152 286 280 201 82 145 277 197 241 232 38 52 204 
19 255 117 214 118 252 50 136 168 126 297 141 156 66 290 70 67 4 39 108 
33 120 110 173 38 43 159 300 292 45 200 81 250 115 288 94 71 195 198 69 239 21 268 224 264 246 80 83 98 37 44 169 29 40 
14 2 190 264 239 25 283 154 280 219 133 20 170 21 300 
18 144 174 69 21 80 29 130 213 182 152 126 198 281 140 87 271 86 40 
43 29 195 199 140 93 123 125 217 8 87 2 109 181 159 45 22 266 54 197 278 200 208 9 65 285 259 222 24 295 128 244 258 59 166 182 291 122 300 57 297 144 160 252 
20 105 254 66 80 155 195 197 139 193 257 129 118 198 227 13 196 241 251 238 50 
30 182 243 65 209 191 190 115 163 62 288 201 152 74 72 156 60 132 101 21 104 19 17 109 193 184 260 227 94 244 141 
20 180 70 61 214 105 85 239 34 252 221 276 129 260 2 166 201 194 117 97 3 
15 81 93 106 247 199 80 56 78 7 92 293 229 14 152 122 
41 176 74 234 161 231 222 206 220 252 267 197 141 186 269 166 96 214 88 20 77 128 81 246 86 171 18 47 40 155 15 147 265 217 44 12 120 163 103 152 90 244 
27 42 247 213 176 198 224 128 264 267 31 19 269 156 214 205 235 246 95 18 104 177 119 73 293 65 105 266 
15 161 93 148 287 90 261 70 140 119 144 128 163 293 115 54 
29 258 218 267 12 48 297 217 177 170 298 159 261 86 40 164 184 36 228 262 225 300 188 224 204 144 277 121 30 25 
6 198 9 254 61 129 202 
7 44 100 171 119 96 192 55 
14 263 127 99 65 175 41 88 286 246 197 205 190 6 222 
15 190 39 161 200 227 248 246 19 264 244 59 61 63 218 111 
3 156 297 166 
26 155 179 38 261 105 70 273 44 19 235 239 78 223 229 243 43 82 251 134 227 129 75 2 271 219 297 
11 8 102 34 20 284 214 100 60 231 237 169 
10 48 204 209 124 215 111 159 283 164 21 
36 183 146 236 30 174 87 81 48 43 175 31 5 281 269 13 288 152 57 192 263 185 245 190 12 294 102 135 176 17 179 121 14 159 124 188 132 
2 94 102 
46 239 294 203 198 267 269 10 70 93 183 224 287 44 231 283 202 298 151 53 108 14 96 37 166 208 116 213 145 94 76 132 163 254 273 85 67 180 79 297 150 210 258 272 38 75 49 
29 217 22 226 199 20 194 287 210 282 267 132 135 249 182 178 121 42 139 241 281 12 176 212 48 94 177 18 41 1 
24 3 252 248 192 178 193 63 179 244 191 138 77 291 272 54 271 136 9 34 48 298 108 226 173 
3 286 91 269 
11 292 99 135 262 101 82 67 107 154 45 282 
34 68 10 154 132 88 264 145 221 197 69 285 54 91 33 48 224 200 212 249 128 275 155 259 206 58 103 152 22 228 243 8 70 164 195 
40 97 101 132 2 14 214 120 35 196 220 247 183 69 67 9 131 47 230 211 178 278 151 255 115 290 274 1 176 160 266 288 87 242 192 65 279 58 43 273 82 
27 296 113 224 270 295 161 202 204 59 5 263 135 227 168 106 14 164 54 24 293 165 117 122 146 216 276 218 
34 140 221 280 130 265 293 156 81 226 256 149 193 190 199 295 52 287 89 167 215 211 74 126 243 60 44 1 228 178 257 202 248 281 119 
6 268 113 102 222 24 140 
42 9 33 205 237 261 227 267 118 214 225 247 193 53 290 52 90 60 131 241 165 162 264 245 142 196 77 281 123 269 216 299 2 24 42 41 210 180 164 120 82 48 67 
14 273 114 28 116 161 78 97 141 33 257 150 147 274 19 
34 130 179 177 40 231 278 157 161 162 22 53 243 121 92 230 213 33 31 126 16 172 279 195 288 27 60 205 160 187 170 66 29 167 272 
19 176 44 283 145 209 195 296 262 222 42 53 20 111 25 288 253 220 15 298 
4 48 58 46 239 
35 82 187 93 215 283 154 35 51 144 171 176 152 116 200 99 244 76 15 155 91 53 205 170 279 43 127 201 166 275 219 102 230 85 38 22 
43 265 260 289 32 108 105 257 207 193 21 283 211 24 213 179 137 217 79 145 284 199 272 80 49 53 198 142 201 136 202 269 294 82 52 67 125 231 43 172 104 174 45 214 
1 230 
16 226 229 288 203 149 218 167 85 170 157 54 124 110 15 90 244 
42 111 84 226 62 14 61 82 171 213 26 131 261 1 159 65 212 66 68 275 73 160 242 147 166 295 78 69 177 245 235 236 134 232 209 267 97 277 271 282 86 185 136 
26 31 210 64 172 174 139 101 123 54 4 261 125 290 107 143 186 14 138 232 154 169 13 202 92 21 291 
48 90 19 111 33 186 1 128 181 143 182 222 165 137 171 55 54 57 194 284 265 84 110 119 278 98 228 269 196 7 112 273 115 142 176 88 29 250 95 221 166 20 40 28 287 226 167 103 47 
13 155 114 61 95 278 249 227 11 215 9 47 164 7 
39 218 230 169 241 59 292 2 53 250 168 239 125 44 89 33 233 129 130 104 108 272 42 91 194 211 114 224 41 228 127 3 83 195 187 192 217 58 63 208 
39 109 56 165 252 119 138 215 62 117 131 176 204 69 55 86 136 65 134 195 77 236 103 293 196 110 169 286 262 152 283 285 3 199 227 141 181 102 6 68 
43 34 242 293 177 281 1 53 227 155 156 27 77 174 135 268 278 60 25 176 200 116 111 267 288 181 7 51 55 273 189 195 107 65 86 43 206 124 171 161 23 6 237 201 
41 127 32 214 241 171 252 42 99 202 125 153 223 175 133 235 83 240 130 118 247 294 159 283 48 270 174 72 228 168 29 248 85 160 117 184 23 265 179 12 129 192 
12 292 251 199 73 172 284 162 144 89 54 297 266 
21 119 7 78 43 29 27 224 207 244 58 21 126 205 116 282 5 202 18 107 230 57 
15 223 36 143 201 144 92 86 298 192 231 93 180 249 262 250 
44 205 80 264 208 39 123 70 116 114 243 30 9 213 124 94 184 109 99 260 250 282 37 73 236 270 58 83 155 107 5 226 256 1 195 106 160 152 284 216 52 239 194 147 182 
8 234 266 121 159 109 77 7 18 
50 174 173 298 185 191 42 137 111 251 34 79 175 147 52 73 288 63 242 144 41 168 88 213 21 279 297 86 129 112 220 208 120 188 133 122 169 189 253 94 22 72 45 7 296 11 141 99 234 131 223 
14 140 100 284 136 204 168 153 17 95 171 48 265 155 278 
14 263 8 193 15 81 109 94 205 95 102 32 129 126 96 
35 175 288 179 224 39 151 111 72 295 65 159 189 127 53 105 41 213 103 198 80 167 171 144 163 5 99 145 48 279 246 218 205 24 21 11 
49 201 285 251 98 67 274 53 46 116 255 74 263 158 2 131 50 149 220 125 20 52 115 94 202 93 99 152 102 88 75 35 132 163 212 244 106 87 49 14 69 181 164 55 27 266 42 127 165 271 
40 20 140 61 282 174 278 109 58 35 33 122 205 188 248 225 124 172 224 196 127 222 288 150 121 120 11 23 111 237 41 60 26 254 32 270 233 21 168 200 201 
47 170 94 11 70 269 176 221 156 293 157 185 198 151 140 206 273 120 245 109 152 283 7 83 268 222 139 131 95 39 167 224 248 23 146 182 33 65 288 91 86 189 57 42 263 203 254 75 
9 194 271 81 298 210 96 193 192 117 
47 178 192 291 269 41 278 151 176 12 233 17 38 101 204 90 168 292 274 9 267 170 265 165 280 47 148 213 28 188 179 281 138 183 140 74 1 62 149 80 45 109 238 270 106 285 70 208 
30 257 294 153 289 113 254 65 262 176 40 200 115 187 249 297 240 142 184 292 76 204 124 66 108 280 206 232 188 16 30 
27 163 191 282 224 28 239 281 48 24 105 31 188 136 129 290 182 107 61 106 219 81 19 243 273 25 266 20 
3 260 120 161 
47 214 34 132 261 181 20 133 175 222 141 91 253 45 159 109 1 195 81 205 203 298 123 8 48 148 217 44 244 287 64 33 101 104 17 171 55 218 102 146 260 176 177 5 75 216 56 26 
33 87 69 31 4 179 74 93 107 171 115 263 210 76 57 121 28 108 226 181 259 167 190 221 161 134 252 106 153 233 140 225 211 49 
22 141 159 8 287 283 29 270 154 94 112 225 143 188 288 91 82 39 251 298 150 120 103 
42 243 134 66 183 50 223 287 19 246 127 36 113 238 160 288 197 299 249 96 37 87 264 40 206 158 29 137 88 60 192 258 64 254 268 35 86 74 68 91 293 98 116 
37 88 206 64 62 219 135 288 78 84 205 112 15 105 81 203 8 189 240 253 265 52 245 27 36 104 45 66 102 80 141 94 146 283 269 175 139 215 
27 290 72 184 201 229 74 238 136 144 23 156 223 60 90 245 267 283 288 20 133 79 208 127 19 70 92 106 
33 240 146 236 185 86 261 255 95 120 158 61 206 269 110 270 79 218 215 24 139 75 20 178 166 39 234 247 64 34 63 114 242 163 
19 6 123 267 278 40 171 62 259 251 219 176 245 260 152 20 50 224 239 55 
1 66 
46 295 91 178 46 274 145 229 87 13 120 158 17 218 35 89 101 175 88 34 203 39 26 233 256 90 85 241 253 123 30 19 176 75 283 149 165 240 66 192 8 291 59 141 65 143 40 
21 121 243 282 97 140 129 43 216 274 53 261 185 96 12 25 278 126 193 49 272 152 
22 94 184 207 120 59 257 189 77 41 79 117 268 175 110 83 232 216 13 92 221 200 146 
3 284 181 250 
11 251 240 211 273 257 117 260 171 247 188 47 
30 55 297 268 120 101 11 166 39 72 3 184 95 203 195 221 237 68 257 97 9 205 110 10 25 191 194 147 173 118 234 
16 144 92 147 230 299 96 45 129 221 137 130 263 41 185 219 88 
12 77 289 76 218 10 51 33 222 290 126 184 249 
20 109 296 195 218 26 255 35 209 292 55 240 155 202 260 285 48 205 22 196 171 
17 166 228 270 6 148 129 260 280 76 227 257 247 1 277 285 29 52 
3 160 76 53 
7 187 57 148 288 194 1 264 
43 258 145 112 190 137 185 152 121 266 189 89 228 113 168 136 111 297 180 281 194 249 37 259 267 165 237 203 34 54 254 270 233 151 98 73 31 234 295 280 243 285 296 230 
23 147 190 41 152 223 257 59 83 180 192 128 113 79 270 26 267 47 193 294 87 115 254 289 
23 129 283 248 62 294 183 179 52 26 170 162 92 53 36 64 35 232 237 32 238 138 5 145 
10 258 277 288 274 98 211 94 82 249 103 
41 290 67 287 138 187 44 283 159 119 68 64 285 120 97 66 183 54 10 25 186 87 4 263 28 253 255 279 111 16 185 63 201 127 216 9 264 267 43 212 277 75 
41 243 247 31 275 235 106 100 150 266 174 271 109 91 220 291 101 27 196 37 14 170 265 105 182 65 289 64 59 262 120 188 141 24 124 249 47 63 70 142 66 228 
6 152 21 139 165 116 34 
25 61 145 143 53 106 222 226 22 45 6 76 197 248 31 35 84 24 193 288 250 40 221 191 77 129 
4 230 255 50 238 
22 294 256 126 179 233 11 79 238 147 51 37 185 207 41 31 274 149 36 78 124 123 295 
2 125 248 
40 236 154 265 229 212 2 9 59 259 179 150 41 103 72 204 274 206 166 6 85 56 157 223 267 89 189 251 241 91 182 286 108 217 4 123 205 1 54 12 83 
2 278 277 
13 42 103 170 106 171 218 241 55 65 78 285 262 296 
48 118 116 2 199 12 119 170 88 294 139 219 289 300 180 77 30 63 18 211 51 182 222 185 71 114 230 187 20 101 192 221 81 103 215 299 62 218 36 26 274 90 64 43 19 290 32 262 261 
22 13 292 258 78 300 8 88 247 165 298 51 111 297 173 145 227 62 240 135 232 230 171 
28 232 263 219 86 14 74 13 57 229 249 70 235 71 143 245 10 181 277 271 4 134 174 27 63 200 114 23 56 
4 165 107 120 133 
37 61 66 208 118 182 236 132 2 57 86 239 36 119 92 245 43 251 68 206 289 219 138 190 28 103 238 130 91 186 214 124 272 213 299 257 63 107 
43 224 129 206 127 47 7 28 65 140 130 6 49 90 116 264 97 248 184 2 79 241 160 175 26 44 121 187 257 21 178 243 80 81 100 16 211 271 245 244 55 208 124 126 
19 222 242 43 74 94 165 213 40 168 46 164 15 270 214 89 75 90 207 257 
7 15 12 143 207 86 165 158 
7 198 232 152 227 246 285 60 
7 259 189 81 137 48 117 156 
10 104 23 128 123 297 52 124 288 237 16 
40 239 166 28 129 94 276 26 123 225 121 190 65 234 282 15 272 113 72 79 273 264 41 274 22 119 278 145 253 112 221 45 85 183 299 173 223 10 269 57 182 
34 274 206 46 284 154 201 78 257 34 43 98 16 193 176 66 186 36 163 207 13 100 114 156 248 30 133 240 251 271 4 115 74 243 60 
48 291 191 27 201 23 220 101 246 139 106 297 202 284 135 37 294 46 45 226 223 16 49 102 145 147 119 253 88 154 31 290 143 121 136 5 95 271 9 85 76 214 24 268 81 137 159 34 150 
42 275 280 74 158 286 193 92 91 86 121 125 137 220 259 258 295 213 42 25 173 159 32 161 187 83 152 9 205 226 7 186 191 294 136 260 38 5 166 47 256 71 203 
4 108 288 11 151 
47 269 55 200 14 13 286 159 239 188 237 202 224 259 2 258 124 236 38 263 99 250 295 68 77 146 102 290 169 288 30 37 131 44 142 36 123 82 232 148 227 54 281 172 155 105 84 63 
43 207 214 276 239 180 147 50 133 115 37 42 32 288 84 212 138 86 197 174 114 97 125 183 142 251 228 12 206 13 178 63 233 155 300 73 82 3 34 269 53 260 46 186 
10 110 16 146 93 230 69 177 114 275 139 
10 182 105 156 224 9 264 84 234 104 222 
30 144 80 217 108 122 175 55 28 170 286 213 187 279 296 134 243 293 41 287 98 21 124 252 58 280 171 231 111 145 77 
24 80 27 128 103 194 198 184 60 272 249 189 260 209 292 222 287 124 141 210 286 241 16 93 225 
26 123 196 15 163 16 297 227 99 259 91 109 100 194 113 126 93 13 189 213 69 249 155 278 114 159 92 
26 129 115 236 251 20 102 227 74 13 183 126 128 288 100 23 49 213 194 67 202 27 25 134 158 124 249 
24 280 7 181 275 282 8 177 9 159 162 56 80 41 191 151 10 166 27 222 84 28 45 1 133 
3 113 212 15 
15 60 99 239 236 273 17 33 27 18 19 5 8 34 282 1 
20 106 204 61 239 249 124 65 243 59 71 229 189 152 121 122 233 279 182 179 42 
22 178 237 95 235 286 115 269 272 200 270 44 184 41 160 123 299 168 51 101 172 84 45 
44 81 190 156 228 234 202 39 244 5 273 121 211 269 109 34 131 300 184 155 24 77 103 215 229 213 128 188 222 191 76 143 127 94 206 41 35 151 49 281 216 287 266 288 42 
28 249 279 115 50 66 75 40 209 270 63 242 19 272 143 57 259 233 217 17 251 37 34 162 286 72 200 181 161 
1 249 
27 279 268 206 86 210 245 113 66 4 67 272 162 6 55 255 36 282 163 149 110 154 185 160 172 265 92 48 
25 64 76 178 101 62 33 133 68 102 180 65 42 236 238 207 1 280 43 100 93 7 26 175 118 211 
7 215 262 232 171 276 96 38 
3 168 151 226 
16 291 55 66 138 82 233 218 224 26 53 146 282 206 119 154 109 
22 248 80 118 221 2 179 273 48 141 247 196 274 280 236 162 152 73 83 297 130 103 214 
17 171 275 124 139 239 229 181 199 160 87 211 217 65 141 78 283 194 
16 149 253 208 75 89 278 106 127 47 279 226 117 42 237 209 17 
26 271 154 242 277 28 280 67 239 121 238 29 46 163 161 39 251 268 151 11 152 58 225 80 175 112 103 
23 185 297 127 146 277 2 175 267 159 19 292 16 41 250 115 24 83 36 161 222 42 240 298 
10 166 198 295 46 225 180 191 28 258 289 
5 199 22 42 274 74 
12 148 83 19 42 222 132 62 7 107 150 177 295 
6 46 93 81 10 12 136 
5 100 50 179 160 271 
44 170 137 202 209 85 199 159 292 225 14 160 175 128 289 242 168 233 102 282 259 208 67 91 155 56 285 71 296 203 97 228 193 126 167 293 18 268 19 250 235 241 246 81 144 
21 257 145 151 226 72 216 85 26 140 95 143 101 1 283 7 116 144 154 217 282 28 
25 172 19 221 85 74 179 138 149 44 18 278 275 235 162 50 254 244 262 248 202 297 133 69 22 157 
46 45 20 228 203 95 153 101 169 234 226 197 179 106 70 91 299 104 117 270 74 37 254 159 152 212 65 199 262 206 251 248 17 44 244 18 25 132 137 297 298 32 148 258 82 178 90 
40 234 265 21 85 126 198 100 48 214 203 245 145 86 79 277 236 263 87 273 25 43 102 114 19 293 255 65 128 53 162 253 197 89 220 182 82 225 289 80 144 
5 83 71 117 295 149 
4 276 185 51 123 
11 272 232 86 35 270 189 286 168 268 80 41 
31 160 261 276 151 229 59 122 138 263 35 80 100 126 252 150 139 299 90 234 30 285 152 20 233 194 76 46 132 295 79 96 
40 183 208 90 150 294 237 137 261 205 123 8 145 282 153 180 82 94 100 178 108 17 121 99 288 65 103 276 42 193 139 244 106 232 266 250 278 283 98 218 223 
37 210 180 75 115 149 130 20 160 238 190 156 125 293 26 299 182 155 214 197 223 266 57 178 7 9 14 166 235 85 120 186 289 103 82 268 142 66 
50 270 220 275 209 196 93 107 159 99 299 156 59 225 278 236 49 166 97 45 213 282 87 145 67 176 153 259 96 290 106 238 254 112 53 51 265 291 79 239 5 48 155 229 160 108 292 175 33 124 257 
47 155 142 264 205 190 213 23 185 8 241 294 11 130 127 195 120 284 116 186 143 248 250 66 172 39 175 56 245 230 102 119 94 158 96 71 276 267 104 38 7 70 184 164 225 228 105 232 
11 24 96 179 148 160 262 203 94 28 57 217 
3 44 271 256 
22 142 86 31 260 164 204 133 224 201 218 275 174 152 89 262 149 93 97 122 184 221 294 
8 9 272 143 269 90 241 297 252 
26 120 200 76 32 22 163 291 275 262 106 80 19 258 153 123 50 184 151 274 230 225 10 286 31 49 56 
27 297 174 231 255 8 93 65 42 171 170 47 227 200 246 271 84 216 189 281 208 133 54 147 230 163 243 19 
50 55 162 264 78 136 292 67 213 218 195 189 100 236 150 112 202 60 206 15 47 148 107 129 198 118 244 76 88 5 109 87 104 211 247 201 175 94 50 72 268 243 93 219 209 269 122 174 157 298 186 
23 255 110 220 230 5 151 61 275 73 290 107 294 12 281 186 249 219 180 16 72 163 156 121 
28 240 69 172 192 85 15 254 285 286 144 212 194 137 296 190 242 48 155 178 126 151 135 293 125 92 287 228 274 
9 174 254 211 201 91 99 169 6 140 
33 133 27 97 2 299 241 91 258 220 86 40 132 209 170 126 113 65 198 120 99 70 31 1 5 226 275 146 43 219 199 185 115 189 
6 175 17 187 113 12 236 
17 93 193 25 172 73 79 176 278 174 273 48 105 32 250 297 75 219 
20 139 219 83 39 59 110 122 170 204 2 97 10 19 85 290 296 177 107 134 206 
17 72 258 95 56 208 242 150 116 11 122 287 220 172 55 239 105 289 
11 37 179 156 11 181 20 38 94 32 283 111 
27 119 161 48 239 155 244 24 234 117 39 262 171 52 189 173 168 13 195 87 9 70 44 229 69 278 109 240 
35 168 230 1 249 210 196 138 114 202 110 52 121 209 24 146 51 206 17 26 279 276 80 45 266 278 77 47 75 229 205 297 185 260 243 30 
10 195 2 269 139 42 277 131 146 10 156 
30 298 97 187 231 49 232 51 225 205 31 119 70 154 281 106 67 55 218 76 190 24 115 269 204 295 198 135 137 255 220 
4 103 48 196 123 
12 194 120 91 155 162 67 6 277 251 212 97 238 
23 288 219 214 271 135 110 269 290 172 244 103 109 138 54 84 111 4 158 69 164 225 58 86 
39 104 88 29 223 113 287 138 189 123 156 150 89 119 1 75 108 96 297 191 290 130 246 152 140 129 40 8 199 39 68 76 283 248 183 211 185 291 224 162 
22 64 21 251 287 188 228 161 289 199 239 271 180 87 49 106 83 254 80 3 202 15 66 
28 39 107 165 90 53 208 28 222 192 187 117 213 71 14 12 127 48 174 85 200 240 197 237 123 153 203 134 238 
45 15 175 40 7 229 227 296 168 135 234 29 59 145 250 195 72 109 208 123 259 225 92 68 83 78 107 157 132 274 260 129 174 82 179 285 94 182 209 202 118 178 158 165 271 199 
37 29 177 151 284 287 282 138 213 30 122 178 204 218 129 50 150 32 244 279 285 220 245 208 13 153 37 214 242 51 80 52 115 264 99 289 188 33 
41 226 49 164 244 251 233 28 248 159 48 55 73 41 131 143 32 133 136 81 134 82 56 202 263 198 18 189 108 103 132 284 129 130 50 279 42 17 145 283 77 126 
11 253 178 104 128 9 31 299 1 145 152 30 
15 184 177 194 238 41 264 79 26 11 99 24 287 127 56 234 
47 245 272 26 110 9 33 40 86 236 166 49 181 243 20 138 185 167 3 61 39 8 178 12 48 267 22 237 268 21 214 216 89 244 290 195 289 180 255 88 42 184 84 29 94 55 14 52 
39 178 14 73 19 279 15 91 190 219 130 168 274 283 27 47 46 239 89 155 139 148 121 143 8 92 145 36 117 231 78 257 66 63 152 156 220 136 114 296 
27 91 110 103 136 59 88 274 8 135 75 60 293 7 49 65 289 73 288 148 4 249 61 131 165 84 208 260 
39 254 84 99 72 146 236 35 194 126 162 55 211 267 182 111 46 283 96 187 64 142 38 289 83 259 102 221 229 297 104 216 40 201 175 125 17 68 241 240 
44 64 39 116 53 147 256 170 292 220 130 160 118 111 106 277 296 214 215 194 74 17 131 249 253 213 15 216 2 175 97 149 241 254 125 46 229 105 61 27 286 205 9 180 251 
6 23 278 167 168 118 32 
24 103 184 22 60 164 124 99 253 139 283 134 290 167 49 265 83 91 278 198 150 147 215 33 287 
13 142 146 59 118 78 139 147 238 276 283 168 195 257 
4 36 188 123 106 
4 231 218 64 238 
31 45 241 239 160 190 7 84 111 86 143 288 58 296 189 257 275 55 194 83 112 226 145 137 76 163 270 141 37 215 238 218 
35 230 131 287 172 35 173 195 283 267 21 236 221 231 125 205 114 126 2 155 103 300 56 154 55 143 163 180 285 37 20 141 104 250 185 209 
50 204 246 31 12 136 56 18 243 147 27 261 11 221 19 170 157 162 78 57 273 49 199 231 211 200 115 203 263 274 71 299 279 286 159 153 156 114 216 87 94 214 137 291 108 40 111 236 139 25 21 
5 120 70 279 110 55 
23 32 188 66 240 31 260 149 17 23 281 109 271 11 46 300 106 243 220 176 94 51 69 72 
41 65 55 43 199 56 225 162 184 273 172 161 29 256 4 259 278 198 90 107 249 238 63 3 279 232 15 281 185 131 193 239 215 188 92 139 218 224 58 6 51 284 
45 18 259 258 208 93 290 184 227 11 229 170 95 19 54 300 233 182 85 221 278 56 222 34 109 31 136 63 66 49 273 214 69 120 97 5 103 245 112 117 145 70 260 266 217 287 
47 240 119 162 12 46 206 143 53 173 161 7 48 167 218 132 66 142 86 127 281 194 277 259 130 74 110 226 101 229 180 95 138 266 85 210 191 91 185 120 92 250 256 14 181 228 102 135 
36 48 298 245 113 108 103 159 234 257 300 142 61 230 238 285 56 183 261 169 279 273 141 10 101 79 265 102 198 80 180 45 219 268 280 236 9 
24 49 212 257 96 219 225 42 92 264 130 2 41 11 88 278 289 6 298 275 48 57 234 45 76 
24 125 216 27 159 40 175 10 124 268 200 107 81 35 165 285 226 215 256 231 221 299 259 54 280 
2 237 63 
9 177 160 140 11 165 153 81 18 300 
49 47 300 145 115 40 69 296 149 234 120 152 148 55 62 66 157 164 195 104 219 2 147 187 17 281 52 284 193 153 96 108 25 215 78 184 186 285 124 129 113 142 100 11 92 44 3 223 67 226 
36 97 177 284 201 279 71 143 70 296 2 217 182 104 54 46 84 158 169 163 108 297 20 172 69 216 118 15 148 36 106 82 292 263 19 146 77 
41 122 176 108 219 98 91 163 79 178 280 113 51 253 102 69 186 15 202 61 234 287 17 129 10 155 94 110 162 288 124 193 57 111 54 114 80 226 297 145 42 13 
8 52 75 163 147 263 93 232 55 
34 148 276 240 115 58 75 200 291 59 267 77 139 252 101 287 247 183 146 222 52 163 206 213 44 85 70 289 91 6 234 203 277 46 80 
36 167 37 157 90 30 187 120 219 103 98 256 81 222 59 236 93 41 113 227 296 53 123 278 299 178 243 88 266 45 61 233 246 40 97 7 110 
41 233 138 170 40 127 282 174 195 247 295 202 221 224 60 82 108 12 264 168 216 96 226 194 178 179 143 284 212 24 109 217 171 208 263 197 93 111 201 36 74 172 
46 188 189 224 252 187 90 176 227 33 246 87 88 89 275 203 126 216 289 10 131 255 62 132 283 133 109 151 232 288 153 41 12 64 137 284 95 260 17 298 37 159 66 68 166 223 297 
35 266 44 164 135 22 293 43 174 279 209 131 223 126 94 296 64 116 67 203 4 156 84 89 130 100 254 48 185 95 191 258 282 267 146 6 
11 99 163 210 34 59 6 38 277 182 158 98 
46 16 116 90 280 60 202 66 256 259 163 246 285 63 117 203 142 171 77 80 75 220 97 130 206 154 253 78 149 7 135 107 193 169 258 67 43 218 71 49 250 144 162 185 172 65 15 
20 190 117 65 63 188 180 30 54 75 249 178 183 38 142 4 66 173 144 15 261 
22 197 133 257 126 235 8 288 58 136 263 189 200 102 233 217 297 218 114 300 48 160 250 
1 202 
16 203 217 134 15 245 246 91 100 94 30 116 284 228 156 103 184 
42 205 293 83 221 88 56 91 296 187 190 80 192 214 58 17 168 253 298 149 121 158 36 67 250 11 268 299 220 14 62 106 82 150 25 282 280 201 265 44 200 223 259 
22 62 265 204 69 36 191 18 216 24 15 81 274 148 299 227 42 263 157 60 43 9 226 
40 266 126 294 202 138 250 242 73 144 269 113 145 10 98 83 225 297 61 70 158 298 275 205 110 206 256 299 36 261 45 251 169 198 223 82 80 30 263 283 121 
31 236 226 192 218 138 196 35 73 152 47 258 153 131 281 148 3 59 124 39 62 199 117 96 145 245 178 243 19 81 147 82 
21 46 201 133 108 127 76 3 10 229 13 256 177 214 239 59 175 186 262 284 142 219 
13 55 61 193 277 26 91 103 218 228 90 19 244 158 
4 99 52 48 56 
2 142 278 
21 257 201 242 279 182 259 71 269 209 50 47 138 29 61 291 113 41 78 217 184 23 
13 34 117 160 20 252 203 230 293 265 33 283 49 98 
37 67 40 120 290 111 85 8 254 110 87 205 197 251 108 187 143 45 41 131 60 106 130 229 6 211 68 129 162 174 44 1 11 214 201 51 115 239 
31 231 276 97 224 242 94 55 250 189 54 110 130 259 106 68 27 32 1 38 70 280 62 289 216 143 124 296 129 170 229 88 
2 171 118 
1 56 
48 169 85 113 3 8 105 83 60 2 206 171 149 86 299 276 231 78 63 248 167 266 289 229 21 274 241 247 82 296 49 217 151 51 68 283 221 145 15 74 269 156 188 235 194 201 168 4 202 
50 247 101 10 273 149 26 262 240 124 47 286 62 235 115 189 253 263 15 155 173 139 261 32 68 72 147 191 127 252 31 65 258 268 295 19 103 29 227 111 180 186 141 231 1 55 125 96 33 157 205 
10 270 173 19 290 17 96 150 235 186 110 
35 95 79 235 145 133 28 57 234 293 229 247 258 47 116 37 48 218 238 141 260 169 107 102 158 186 123 78 143 42 148 19 151 257 130 40 
30 170 211 261 117 219 202 6 175 123 181 247 207 200 265 42 268 124 257 300 96 59 195 39 274 15 218 91 296 294 73 
39 186 55 258 135 295 128 284 4 182 173 185 97 9 179 130 137 21 146 12 213 229 223 147 145 279 214 95 149 281 160 232 110 75 275 47 64 22 221 124 
5 66 129 247 44 137 
2 129 121 
29 30 76 203 241 10 40 141 206 227 74 62 244 117 239 154 174 13 26 234 27 237 86 31 246 149 202 89 77 295 
42 13 62 114 197 173 298 244 139 160 37 174 9 98 142 267 286 116 218 137 168 283 83 135 57 263 78 18 109 199 214 84 249 43 293 144 107 265 241 88 205 41 223 
6 272 154 42 153 174 276 
23 266 204 248 285 4 178 222 111 201 66 188 79 42 151 223 163 265 38 110 153 156 167 252 
16 189 104 75 7 269 147 57 268 132 146 38 15 284 184 215 42 
5 109 92 21 158 125 
35 248 268 141 63 263 243 89 254 287 56 151 117 233 98 219 236 65 110 193 172 122 212 125 25 198 270 171 92 102 123 69 140 237 113 62 
39 300 39 63 244 148 87 1 228 216 98 221 296 93 295 273 278 204 13 132 257 90 179 50 10 48 133 217 146 268 32 177 137 142 115 114 258 167 191 233 
23 171 278 36 252 156 151 220 39 206 215 66 19 242 140 259 229 261 49 122 254 185 232 70 
45 192 109 224 43 112 212 10 296 1 32 35 193 23 223 143 65 146 126 90 138 207 189 256 269 149 88 170 7 8 29 264 66 205 79 152 284 202 159 123 120 92 289 83 195 49 
36 51 89 262 67 223 277 290 259 34 176 160 59 128 32 147 294 2 186 279 298 141 35 41 131 255 133 62 140 237 91 169 197 8 122 121 222 
1 105 
30 134 247 47 21 220 300 288 11 126 235 125 227 135 228 12 36 243 296 156 17 68 198 212 147 292 218 278 204 45 98 
34 18 54 55 259 242 176 157 250 127 292 138 240 231 194 218 121 142 11 276 38 98 52 126 145 196 125 24 153 123 238 155 59 275 41 
14 2 151 229 172 260 152 290 63 153 68 187 221 166 188 
6 97 206 298 286 272 122 
42 67 172 103 165 194 68 112 70 11 226 31 17 130 88 197 219 191 97 251 253 91 85 63 178 206 115 21 238 235 292 96 269 14 140 15 49 69 48 34 6 222 95 
5 93 15 59 46 14 
24 182 130 169 159 249 133 132 102 151 115 152 137 211 65 244 12 207 32 230 36 260 183 171 223 
31 73 106 221 13 237 292 12 299 76 174 247 137 274 94 165 275 15 45 218 120 256 56 41 260 191 54 134 192 37 236 284 
4 197 11 291 256 
4 230 30 284 143 
28 78 270 240 37 21 300 208 261 231 183 131 209 61 35 206 247 92 297 279 38 9 207 253 136 176 177 197 243 
29 251 69 40 258 184 138 141 2 61 25 129 291 182 119 249 30 60 218 194 94 225 16 236 18 226 286 121 158 17 
34 71 147 89 93 6 180 177 41 197 193 182 219 118 139 91 101 81 172 296 160 119 120 159 272 44 115 171 90 45 155 49 11 128 63 
