100
1.4956 1.1946
1.1501 2.2415
1.3497 1.2463
2.4664 1.1596
1.3010 2.1184
1.5247 1.7278
1.2486 2.1710
1.4974 2.3624
1.1575 1.2074
1.8832 2.3170
2.0127 1.6075
2.2812 1.4922
2.2704 2.3269
1.4242 1.2977
1.4176 1.1737
2.0765 2.3766
1.9800 1.5083
1.5368 1.5043
2.0044 1.3901
2.0379 1.9975
1.8910 2.0809
1.1702 1.8241
1.8365 1.0255
1.6623 1.7681
2.4295 2.2752
2.3352 2.1109
1.6415 2.0289
2.1822 1.5387
1.3204 1.3454
1.4944 1.3656
1.1558 1.5211
1.7259 2.4346
1.8270 1.3113
2.0112 1.4762
2.3620 1.1966
1.4909 1.3883
1.8862 2.3778
2.0746 2.3710
2.0113 1.0499
1.0036 2.0375
2.2581 1.7961
1.1981 2.1825
1.3838 1.9877
1.8292 1.8484
1.0825 1.2295
1.0980 2.2383
1.1706 2.1178
1.4923 1.8687
2.4071 2.0310
2.4255 1.0061
1.0753 1.8177
2.3325 1.9982
1.9784 1.6372
1.8671 1.0668
2.2614 1.2953
2.1827 2.0780
1.8832 2.3953
1.3255 2.0030
1.7116 1.9821
2.1295 2.2009
2.2994 1.4350
1.7196 2.2442
1.7342 1.4722
1.6770 1.2872
1.5313 1.3709
2.1876 2.4146
1.9476 1.0425
1.9133 2.0209
2.4940 2.1331
2.3084 1.9789
1.0655 2.0571
2.4205 2.1683
1.5148 1.7080
1.2022 1.5968
1.9918 2.1676
2.0501 1.0755
1.2826 1.8885
1.0906 2.4815
2.4902 2.4712
2.4262 2.1801
1.9409 2.1898
1.4270 1.3635
1.7949 1.8171
1.1736 1.1012
1.3135 2.0049
1.4323 1.0351
2.1340 1.2884
1.9027 1.7406
2.1962 2.3677
1.6479 1.4761
1.0310 1.0813
1.6679 2.2611
2.4781 1.2623
1.7639 2.2372
1.5111 1.9960
2.4627 1.2297
2.1036 1.7475
2.4210 1.2663
2.1051 2.2556
1.3717 1.3238
