1000
726.0629 892.9662
896.8675 621.2117
2.9227 332.2688
246.7229 42.2426
893.7779 519.3388
999.5746 558.1455
590.7614 219.9117
361.0638 693.1156
989.1241 880.8610
490.9273 777.9058
889.4327 159.1614
116.1979 266.9677
408.6453 736.4850
223.7709 607.8263
591.6783 929.6578
771.0877 714.1177
710.5037 4.0500
123.4680 924.1865
545.0109 969.6891
847.5039 104.3541
564.9419 628.7847
201.7482 723.2040
748.9035 139.9970
506.4007 880.3395
259.1579 136.8440
580.2002 159.3168
113.2326 461.1231
226.9302 759.9160
570.7266 87.2974
481.5917 188.5831
106.5704 222.7516
280.0210 388.6427
209.2654 133.8260
477.8634 364.3464
470.6995 899.1320
511.2558 511.7162
537.2688 920.1217
675.3076 850.0292
755.1714 240.7478
69.5880 30.1724
748.8899 806.6958
99.5229 109.1372
208.5883 230.2016
692.8984 570.0961
427.1887 100.7719
977.3228 177.3620
251.3864 355.3051
466.8437 705.8006
465.5173 556.6201
117.3654 148.7050
129.2470 898.3564
998.3981 803.6715
901.4370 473.6616
693.1989 904.3033
176.9941 366.0223
834.9320 611.9309
748.6170 40.2456
297.7177 703.1468
61.7230 177.7152
1.7710 794.1142
384.4022 673.4558
507.3464 335.3122
604.2720 926.3781
919.6703 503.2114
498.9184 503.2673
619.7805 970.1569
822.6852 860.4785
374.1693 404.9952
538.3208 658.5581
545.0946 176.0238
316.6490 61.7151
608.3940 117.1471
598.7300 873.4181
113.9033 85.4253
396.4341 755.9955
235.1920 404.1744
811.6073 946.8889
998.0134 318.5928
486.1395 268.9040
578.3236 239.3849
410.3230 406.8423
299.0469 516.8657
198.0227 556.4667
331.7553 343.8329
156.2239 567.1231
565.6114 393.3315
53.4318 753.1059
642.0163 460.8495
563.3973 592.4022
395.3398 315.7112
35.5045 738.2179
810.3893 725.0446
256.8798 352.1276
213.3570 32.5304
499.4117 266.6428
801.0338 735.4800
451.2203 34.1438
267.6433 17.1891
994.8942 422.6922
766.1355 828.1531
155.5050 520.3559
771.4675 127.5546
970.2157 615.0209
950.1845 873.9360
502.4821 314.6403
674.8542 510.7652
279.5403 157.3169
418.3167 268.1903
597.0970 719.3928
617.2644 539.9239
182.1804 446.8688
737.7576 55.6250
765.5785 255.8377
439.0212 369.4956
676.4376 462.3476
537.5204 858.5891
229.6914 148.3707
67.7450 424.9895
252.0014 54.4847
618.4962 63.5413
333.1428 545.9065
481.8487 818.5301
355.6939 531.6786
62.0739 743.2233
175.0999 139.9554
267.7886 262.2275
714.3423 476.4925
646.4375 925.9850
677.7623 184.9283
304.4131 677.7847
432.2465 158.9201
701.3296 758.3494
633.9239 942.4465
216.2468 339.3056
660.9952 40.7488
428.5748 648.0884
474.8541 314.2379
135.1785 107.3508
841.2719 864.3769
89.1674 710.6691
633.7067 100.7834
126.9704 868.7850
824.6278 144.3784
359.8453 465.9539
541.3943 208.1737
823.2396 744.8840
793.6314 429.1811
323.3669 919.0813
91.1603 895.0951
719.2928 47.0539
681.4966 893.2886
949.3224 312.0492
14.1414 635.1638
305.3688 843.6184
275.6345 444.1744
137.3651 644.5128
529.4277 282.7726
481.6576 807.7789
256.1166 353.2310
699.9636 487.0275
878.6510 593.2683
981.7635 779.0259
35.9813 229.2421
82.9485 190.2280
178.3261 304.5502
598.9671 655.1172
803.7987 995.4699
249.8404 196.2842
497.9599 123.0371
845.6169 36.5685
713.8324 457.0080
268.8070 88.2496
5.4068 827.7803
343.0744 235.6598
673.3304 316.3141
266.8621 417.3019
897.5638 283.0570
129.9680 731.3557
684.3129 677.6654
267.7195 148.6904
164.9102 806.3075
567.1853 879.2588
818.1724 215.3045
734.9498 743.8842
621.5881 767.1672
597.1218 631.7680
39.6913 634.8528
337.2030 152.0120
320.3547 251.2693
1.2833 963.1538
216.1438 543.6937
314.7618 987.9253
541.3761 731.1438
946.9138 830.1085
570.8506 249.5693
76.2122 398.3287
798.5501 222.1640
738.1176 522.4908
795.2883 664.8351
11.7951 535.8663
713.2726 286.2817
867.7216 778.9837
654.2159 278.3383
661.5215 960.9124
701.3476 460.0577
591.8649 865.7134
922.3457 906.7727
652.4810 903.9026
969.1918 210.4946
136.9023 185.7449
809.7170 788.1403
16.8186 457.7406
648.4487 545.8854
792.0742 81.7503
420.0515 442.0860
438.5446 69.9681
519.4695 351.1892
739.4708 592.7415
202.9698 271.9437
886.6898 644.8509
204.5634 528.8611
106.6791 754.1626
133.5115 856.9115
792.8003 401.8314
816.2725 840.0606
343.5313 761.7898
164.4328 609.7195
381.0870 708.5847
587.3522 649.5564
450.9953 131.9321
849.7023 536.7706
725.9572 432.9403
816.6125 70.1314
808.6170 962.9406
793.3365 919.4232
567.8030 62.3102
436.4264 991.8601
930.8019 595.0680
931.5939 751.7892
279.3661 640.3420
730.5535 453.6373
163.3301 659.5007
354.7090 34.6654
479.1625 680.4460
294.8900 853.3180
953.7555 854.4327
402.8536 776.4271
510.7479 732.9355
276.3169 728.7216
825.6277 7.6901
275.1552 52.7366
956.0006 869.8891
410.7618 226.3176
37.0700 688.2080
370.6018 46.4040
240.9166 627.0359
574.4315 231.9672
997.7359 145.5178
854.0326 609.5438
402.2304 3.9050
586.2427 316.1246
822.8169 47.6217
682.1266 345.1828
993.9988 68.0362
626.7386 143.2671
668.8895 391.0503
719.8324 35.6986
534.8260 340.0855
163.1824 406.9966
595.6028 221.3382
782.4732 503.5019
454.1508 508.8988
692.9083 576.3865
910.5910 909.0782
80.1701 871.0553
825.9424 794.0074
403.9020 771.5864
971.3236 744.6352
674.7802 466.2075
817.1116 175.9890
209.8779 256.5066
595.6254 584.2720
648.2967 54.9852
206.3939 779.4899
177.8938 581.9803
832.6801 741.8126
14.6111 627.2934
593.8011 414.7235
320.6281 788.1322
401.5945 424.4650
127.2658 811.6290
276.3987 344.4948
777.9071 919.9021
89.8756 643.1222
411.5460 127.1442
961.2785 697.0913
554.9588 980.7301
228.0191 500.8230
436.8617 104.7836
913.2613 218.9074
243.0187 898.4883
18.2183 526.6659
404.7863 482.4156
783.7557 958.5037
735.9932 282.7008
91.6915 947.4338
150.6403 420.0165
432.8445 824.5206
755.9394 250.5753
352.2981 117.5804
308.9406 624.4974
183.8044 859.5626
633.2309 120.8694
246.3524 302.4605
650.7241 472.5911
604.3564 366.6093
18.5405 261.1681
431.7880 213.9349
931.8366 295.3269
463.7182 902.6909
546.9078 139.6627
518.7833 541.5025
806.6990 371.4355
104.0379 142.2946
419.3053 548.0998
695.9796 601.7355
358.6472 99.1581
217.7683 307.4603
682.8851 189.6899
470.7921 340.1269
607.3674 485.0242
896.4365 678.4714
261.8587 916.8877
821.0667 800.1510
132.2876 694.2564
280.1551 846.6041
13.0141 783.4734
406.4972 950.1537
601.2963 482.7666
996.4267 431.0919
764.1982 719.1828
643.9295 754.1940
523.2423 253.8778
631.2383 429.9945
781.3825 387.6503
680.6341 511.7223
847.5921 250.8221
826.2011 711.9747
135.2163 196.3685
309.0047 626.5565
726.5721 824.2140
114.7505 518.3429
563.0305 880.0063
841.8562 885.8030
868.3105 159.0538
186.8897 276.0627
752.9837 681.5870
871.2539 740.1103
144.2550 696.7052
309.7773 833.5482
649.9287 431.7211
89.3860 658.9966
815.0631 753.1637
762.9816 185.1181
873.1447 489.1127
121.9991 376.9964
987.8698 876.7170
373.5740 488.3704
826.6932 687.5876
480.1245 33.1530
481.2844 950.0414
916.2337 118.6128
340.9803 435.7332
49.9833 868.7859
99.1740 41.5672
751.9420 556.8414
240.6125 980.3044
855.1956 708.4511
888.7836 524.9881
920.8569 182.1712
459.1371 615.2789
622.5894 493.2492
97.0409 647.1898
658.9379 157.2758
149.9515 394.0997
330.2373 74.0440
5.5083 19.8148
7.8266 448.8810
801.9204 891.3997
99.7133 307.2479
317.5135 287.8325
258.2392 950.6320
938.4184 912.9432
721.4329 35.6147
610.1933 894.2667
320.2614 696.3402
111.2209 277.8500
820.1602 387.5229
920.0123 651.8369
364.6418 761.1383
537.1642 282.4239
874.6269 692.7202
175.1386 296.4031
934.0356 485.5987
470.3540 453.0471
131.9366 611.5708
105.3590 483.8427
986.8824 75.5497
562.3636 366.8911
703.9521 173.8817
809.0766 731.3385
582.1813 341.7900
92.8912 365.3849
93.7487 194.7563
661.1267 789.6461
479.6804 317.7235
99.9556 18.1426
451.6398 93.7221
789.7977 764.9110
824.3198 508.8126
294.4355 648.4246
575.1711 859.5603
312.4879 759.4474
146.6731 295.8677
575.3188 854.4763
532.7483 566.6312
262.9346 755.3113
327.1058 76.8182
699.0861 729.9925
824.5065 875.7004
270.4380 237.0189
868.1378 404.6367
924.6155 551.6727
284.9005 708.9216
917.6971 661.9549
397.3183 314.0848
801.8058 203.9222
127.1115 771.9433
762.3237 450.0903
707.0611 608.3834
778.5404 975.2214
925.9366 835.3213
532.3648 836.6417
647.2408 602.2559
949.3163 357.3075
266.3915 615.9304
22.6880 704.1029
458.3509 285.6471
331.4618 904.4486
698.7905 591.6887
874.0114 695.9399
335.2157 169.3616
745.4716 938.8156
476.4449 883.3376
689.9927 222.6863
932.4007 377.8208
717.9135 913.6480
312.1322 744.0283
627.5248 274.5252
887.7937 95.5440
481.0737 865.4012
542.0156 774.5581
450.9917 526.7955
245.0869 951.7616
716.9319 17.8353
319.7875 618.3819
392.5690 512.0050
312.0742 410.2212
296.4097 62.6757
937.4155 629.9144
374.7825 689.4937
358.1722 57.8501
877.7358 992.4805
836.1838 809.4956
652.5696 804.4690
546.0268 563.9217
277.6033 512.2224
456.2581 303.8491
911.8616 877.8906
601.6802 21.6112
974.0271 336.2764
5.8415 666.7129
140.3773 545.5446
322.9430 309.3850
721.9288 612.3980
245.2763 428.3916
919.5771 239.9696
654.3748 769.6898
391.3957 122.0536
563.3445 805.3918
1.3312 649.2338
211.6613 670.1758
68.5024 316.9276
639.3954 398.5440
405.8566 779.9877
859.2429 165.4686
823.9187 18.4670
542.3372 259.3856
690.8209 640.6578
463.6415 353.5161
101.7944 309.6558
484.4588 869.5328
32.2003 384.1775
485.1858 999.4881
622.4190 231.2690
420.5210 796.2242
353.2704 520.9905
705.9246 803.5056
97.2720 18.1312
914.0188 584.5320
434.5843 451.4551
528.6693 591.5489
417.5680 560.8886
302.3679 940.0453
364.4606 213.9643
629.5004 668.7222
164.7297 693.9033
827.6247 162.5884
507.0128 570.1899
732.7388 700.4808
132.2343 688.5818
667.8522 108.3821
707.5116 775.2059
167.4857 991.7541
907.6735 267.7358
232.5182 222.7615
613.7682 616.5839
768.5477 272.0984
756.7776 515.8843
393.9832 679.2661
618.4650 166.3563
655.8513 453.3886
881.0711 828.2120
463.4271 432.7788
49.5036 749.2359
610.3314 254.9910
374.4681 603.9275
735.1822 952.0762
876.0456 15.2800
250.5319 766.7526
835.1930 518.7443
94.5894 936.1222
826.7534 249.9368
232.3776 178.3352
774.8149 835.9846
628.1167 248.3833
979.0511 912.6265
372.7868 101.0024
510.2055 754.6247
408.0455 960.1807
139.4600 517.6811
568.0766 442.2404
657.6650 857.5051
70.3282 837.4410
984.5408 654.5457
902.4061 595.2883
192.0983 772.1290
989.0158 415.1623
834.0955 847.2589
551.6174 626.2242
84.2181 402.6696
99.4252 392.4058
42.3997 144.5001
394.9310 568.2518
643.0826 61.4024
940.4214 974.0108
51.4907 826.6779
800.0570 597.1200
859.8851 995.1997
372.3764 185.3574
754.7937 473.4204
237.1891 214.4173
491.2132 7.8468
719.4354 635.4365
211.2407 308.2209
881.4052 608.2319
397.2327 861.4692
603.7733 831.0032
843.2989 594.0573
466.1762 387.7824
223.5383 820.1688
538.0798 96.1740
870.6513 802.2710
912.4566 94.0380
127.9711 77.8015
263.7912 140.5702
639.6835 120.4640
482.2929 749.6287
673.2202 987.2857
81.3210 689.4640
373.4280 421.8434
194.4058 349.4971
423.4505 736.5258
959.7211 484.9197
909.2281 549.7835
178.7929 234.0976
349.7116 742.1285
396.7816 886.5303
918.2736 661.8115
555.1197 897.9121
209.8433 648.9233
189.3961 816.0811
643.8092 880.9347
325.6362 852.2128
388.4064 395.1279
16.6287 740.4600
425.8739 145.3515
940.8851 312.8586
745.6559 243.9020
523.2610 67.3355
737.3655 980.2199
80.0554 714.3814
990.8969 329.1960
287.9706 73.9956
558.9107 777.3206
70.7924 968.4934
304.8111 802.2670
992.3625 616.3860
39.7010 284.0144
179.6302 462.2855
212.9505 98.3010
149.0362 409.4033
646.0647 75.1338
43.4615 809.6499
473.7472 706.1429
992.0090 118.0644
278.7594 879.6882
402.1014 436.5920
372.4029 684.1579
48.7731 103.3669
96.9840 574.3773
70.5957 644.5660
527.5108 70.5165
520.3252 44.9660
253.5796 698.3177
767.5136 907.5342
748.7440 613.5215
429.9529 610.7105
358.3327 890.7503
892.0774 192.3163
602.2772 200.9154
262.2448 1.4524
706.8601 101.5214
181.5321 744.5730
161.3539 37.8746
29.8528 58.2089
277.8417 104.3303
769.0300 573.0526
694.3009 453.0139
458.8318 10.3281
757.7544 247.8067
553.2011 227.8323
861.5162 78.3561
749.8608 664.8544
854.9549 314.5329
152.4722 111.2055
232.9546 515.5277
40.1727 329.5566
334.7461 759.9130
275.8500 384.9745
456.2702 26.6829
453.5223 542.3721
113.2542 495.1040
15.6797 62.7236
13.0957 733.2870
879.0105 705.8098
827.6941 524.0882
169.7967 926.3164
720.2518 700.9343
115.1009 241.8755
729.7301 798.4604
976.3389 16.0779
522.1238 133.9520
552.8864 600.4373
422.5037 892.6448
912.0426 311.8065
313.6988 119.2148
226.4346 652.9458
424.9343 754.2945
732.0825 700.6185
770.0906 84.1799
710.5385 885.5490
25.0651 775.7426
92.0181 263.0609
270.9606 518.5862
169.7024 778.9169
512.3937 291.8431
124.4195 194.0327
469.3059 410.5402
485.0365 712.3245
523.7463 999.4928
746.5299 249.0816
412.1818 531.7077
843.7058 696.0557
945.5095 330.0255
966.2788 490.6763
284.6182 333.2744
546.9401 850.3856
80.6752 764.3246
687.3790 213.1043
430.8014 369.5581
724.7238 554.6569
237.3195 955.7310
579.3610 471.3528
435.6345 445.6725
977.9685 609.5819
277.0369 229.3179
693.0686 950.5460
986.7781 112.5345
241.5300 832.0744
132.6438 215.2605
506.2157 326.7804
637.5879 16.3258
127.7028 999.5153
942.7189 55.5116
481.6742 349.7618
802.3750 594.2835
912.7214 658.0417
644.5181 106.0342
492.3073 177.3559
5.6803 129.0026
13.6419 56.8697
248.5132 801.3109
953.0793 220.4025
945.1053 230.2353
911.2286 597.0453
610.7406 218.1327
453.2923 986.7238
681.4151 719.2934
534.0897 215.7698
518.8142 261.1890
453.9852 530.2262
681.8193 85.9742
624.1927 103.0371
398.2787 521.3543
855.0839 215.5151
985.0584 158.9690
87.3742 214.3636
166.2842 914.0650
27.5585 42.7711
497.9104 700.8966
2.8112 812.9404
29.8502 807.4614
287.8479 743.6875
120.6033 789.7390
595.8789 188.2513
523.3378 258.8137
970.8638 380.5646
716.3064 365.2300
265.3964 298.9054
358.7232 710.9895
356.8128 85.6482
400.8056 635.8201
955.0818 648.7188
195.4935 771.0157
431.1809 593.5217
62.2935 515.6721
153.5184 732.5374
391.0670 697.6398
971.3595 873.6041
495.8050 849.0045
304.9200 757.8104
529.8159 876.9539
439.3383 829.3506
503.1201 894.4666
181.2385 541.3626
12.0067 57.1625
45.0862 660.3494
736.9581 303.6454
672.5548 13.8955
744.1939 313.6419
58.1870 418.4380
232.4266 45.6155
250.7615 763.5745
974.6777 522.0446
902.7190 396.4534
697.8520 765.1749
358.5193 416.5203
879.9921 844.3518
668.6195 574.9294
820.3546 591.6298
606.4069 249.7620
714.3581 207.5778
887.2245 113.1382
365.2405 770.8083
841.6774 765.4655
863.5918 737.9311
35.0257 417.2015
406.3456 979.1862
919.7168 12.9723
257.8846 943.5001
585.1561 757.0783
346.8435 714.7029
397.6541 73.0833
207.5444 616.0193
756.2200 196.1840
708.8304 55.3489
698.8054 427.0562
517.0348 746.6822
382.5201 749.7385
662.6108 823.7804
877.7068 713.4055
257.7028 155.5409
729.3305 709.4095
688.5425 315.7969
687.5040 244.9424
401.1721 696.1508
627.4203 905.3435
892.9382 48.0957
530.9706 871.6300
817.3413 848.9582
462.0963 526.9827
841.9910 503.8440
259.4681 179.7623
756.8261 547.8720
160.3696 821.5532
515.9223 696.2604
397.9601 664.6519
250.0320 256.3155
198.2041 967.3264
640.1720 903.7290
822.6917 368.2264
482.4149 769.5804
409.6071 583.5424
989.4242 172.0086
520.0084 234.4772
304.3346 983.6151
122.6604 543.2394
292.1521 79.5913
767.6623 425.0160
106.7821 383.5137
773.3947 746.5541
109.6859 335.5893
881.1805 76.3218
821.0146 883.4442
537.5227 776.2093
471.9314 892.7706
520.5797 657.4772
527.8467 615.2866
393.7557 678.5369
760.7227 13.0239
907.4150 738.4554
115.4028 402.7774
102.0592 812.6552
749.7508 293.4031
960.6498 195.6470
3.3401 73.0625
206.2023 715.1197
195.2105 984.8319
416.6501 889.3733
739.1040 926.2312
194.7133 173.7443
703.2221 990.5960
933.7574 608.2324
150.7516 845.0383
115.7586 328.6573
663.8858 485.6219
29.0309 913.3078
798.2619 142.9199
918.2272 493.3525
137.7221 648.0869
914.7191 857.8039
219.3250 796.7904
461.4802 747.7576
678.5286 139.6947
47.2420 205.8248
46.0761 772.0464
289.7616 669.5224
568.8700 720.5635
911.7153 287.4692
621.4729 312.0224
434.0307 960.3190
155.3869 233.1641
393.5951 915.1996
273.2532 676.2193
429.8426 641.1337
379.2733 247.0641
519.9022 537.9034
636.6634 634.7888
436.0172 604.1587
193.0374 109.9725
654.3727 925.3606
195.1190 926.6246
140.5372 379.4434
729.4787 343.8314
364.8518 934.7107
836.9355 253.3321
347.8603 500.4451
516.6290 518.9224
515.5302 536.0728
343.3874 926.1477
711.2508 914.1346
971.0656 303.4811
64.1929 570.5450
909.8606 186.1695
684.7611 230.4396
820.5439 990.9575
288.2219 426.7841
890.9418 137.9171
406.3648 690.4518
147.0453 705.8057
985.2126 784.0484
422.3339 782.0376
11.6052 274.2939
581.5194 432.2412
175.8616 279.8933
843.5932 796.4192
773.7038 424.3291
775.6852 571.5141
115.5226 807.0643
68.8967 910.4940
771.2853 560.0583
649.1438 465.8079
841.2608 624.6578
229.5504 202.7002
116.7082 798.2067
801.5358 55.6174
897.0312 153.2871
901.5729 998.6496
630.5864 614.6956
584.5847 302.3239
212.6086 696.4313
456.6841 301.5821
437.3771 535.0013
875.3388 7.5157
854.4729 545.6952
599.3543 351.9792
912.6183 255.1812
228.8330 313.6955
444.9126 736.4156
676.3959 250.2766
954.2846 797.2750
399.9201 834.2478
183.3012 792.1860
852.2662 971.2235
849.3320 228.0583
578.9296 615.8755
846.4842 943.7161
263.3184 120.0675
533.6636 630.6789
149.4875 232.5196
496.4743 175.0034
53.9467 421.2354
57.4176 49.1997
599.4076 674.0605
613.2854 127.5425
247.1149 995.1867
728.6804 562.5987
530.7891 187.5737
630.8598 157.3595
501.8422 419.1428
867.6674 247.7736
610.8562 408.1007
974.5445 690.1695
357.5101 830.3156
874.8182 635.9001
860.4993 417.3310
692.7452 579.0204
767.7726 47.3153
239.5121 916.4571
310.5013 930.8026
368.8343 386.6831
442.7341 97.4291
30.0717 126.0985
173.7292 349.5863
765.1224 799.1322
307.1046 882.9101
514.3906 863.7621
212.6552 154.2184
631.5304 926.2645
750.4209 101.9319
374.7901 226.7173
327.9358 24.1007
935.6222 762.4238
877.4427 807.3427
805.0925 780.4171
518.9586 167.6466
102.8810 405.4719
559.4852 823.1456
734.4619 897.0391
629.8412 609.5527
233.8816 428.7203
131.5752 241.2214
12.9336 828.3446
522.9348 268.7918
575.9910 759.0664
473.5606 232.0689
748.1574 43.6707
97.9330 353.4954
972.6742 473.9602
746.9191 399.9964
508.5956 746.7627
724.3871 339.2265
427.1364 269.6129
45.9658 588.9840
808.2992 434.6095
333.2621 853.3762
891.3800 906.5173
556.9201 830.3955
836.9528 510.8491
