1000
2.7490 5.5862
3.2015 1.2435
2.2185 3.0674
1.8712 2.3415
2.1388 3.2847
2.0884 1.0658
3.1240 3.3488
3.5982 5.2187
1.4137 1.8423
3.5641 5.9231
1.6284 4.3913
2.5965 3.8156
1.3483 4.2510
3.4580 2.5689
2.5954 2.9547
3.8849 3.8202
1.2858 2.0150
2.2439 1.4311
2.6327 4.6717
1.9148 5.2082
3.3287 4.4088
2.5341 4.6923
2.4031 4.7157
3.2370 1.5703
2.1459 1.8443
2.5382 1.1968
1.8243 4.5187
2.7015 5.3670
1.5785 5.8650
3.2451 1.3589
1.4863 3.4009
3.3243 4.3454
1.2626 5.7329
3.6287 3.1305
2.6222 5.9186
2.1723 5.5587
3.5900 5.5065
1.1635 4.8623
2.4947 5.6048
1.7202 1.1513
3.7700 5.6845
1.1036 5.5889
3.3962 1.0337
2.8088 1.9586
1.0913 3.3254
3.2688 2.1201
1.0526 3.6871
1.4178 1.7905
1.1445 4.9127
1.2240 1.5325
3.0377 4.4774
1.0534 1.8211
3.6899 2.9672
3.0140 2.1415
2.2438 4.8329
1.0035 4.2051
2.2455 1.5786
2.8401 3.9307
1.7996 3.2187
2.5907 2.1148
1.0658 3.9599
1.9433 3.3699
2.0627 4.3166
3.8301 1.7181
2.7063 1.7920
3.0126 4.4441
2.1843 3.9452
3.2390 3.2923
1.4809 4.3413
1.3257 1.2278
1.9844 4.2826
2.1052 2.8457
2.1753 1.1973
2.6313 4.8086
1.9237 1.4425
3.7907 3.1280
2.4386 5.1426
1.7965 2.8822
2.6859 3.9348
3.7059 1.1282
1.1328 5.1337
2.8185 5.0488
3.8201 3.6361
2.3144 3.2043
2.8009 3.6172
1.1361 2.3051
1.6749 4.2864
1.3525 1.1629
3.7287 4.8572
3.7438 1.5712
1.5671 3.3155
2.0735 1.8799
1.3068 4.1831
3.1255 2.5116
1.0636 1.7696
3.2041 5.1530
1.8670 2.4854
2.6308 3.6304
2.8730 2.3273
2.5907 3.2488
2.7372 4.6673
2.6316 4.9924
1.4625 1.9712
2.8540 3.7838
2.8193 5.1131
1.8390 4.9546
3.7013 4.8932
2.9255 3.3410
2.9196 2.7919
2.2780 5.7482
3.6616 3.1462
2.9173 3.2921
2.0997 2.5320
2.1366 4.0432
2.3720 2.6666
1.8698 3.1541
1.4698 4.5534
1.8207 1.7325
3.4662 3.7063
2.1153 2.6641
3.2011 3.6000
3.1344 3.2034
1.3263 4.9092
2.7065 3.1349
1.1170 1.5045
1.4518 2.6347
1.3884 4.3063
1.7434 4.1050
3.9761 5.6872
3.5114 4.2372
2.9757 2.5042
2.3623 5.1321
2.3014 4.6432
2.4754 1.8565
2.6058 5.3877
3.3000 4.8471
1.5728 4.8860
3.0300 1.5890
1.7886 2.1568
3.3435 5.3964
2.1656 3.9521
3.3413 4.0596
2.0447 2.4056
3.2509 2.7848
2.8039 3.2882
3.6110 5.2282
3.2830 2.9632
3.4581 4.8698
1.7249 3.3457
1.4894 4.8322
3.2557 3.6762
2.2045 1.3421
2.9195 3.5683
2.9729 4.1865
1.3360 5.7512
2.9248 5.4597
1.0815 2.2297
3.2067 3.6458
2.4455 5.3054
3.2719 5.0225
2.9613 4.1724
3.4533 3.1644
1.5228 5.7507
1.8441 2.4677
3.5457 1.4034
1.6253 4.9906
1.5274 1.7036
3.1342 1.9220
1.6705 5.6483
3.3984 1.0199
1.2181 2.6343
2.8755 5.0572
3.9742 2.0272
3.8607 1.7938
1.6254 4.2077
2.3142 4.5328
3.9519 3.8964
1.2246 2.0029
2.4329 4.3052
2.1530 4.0303
3.9229 2.2033
2.0559 2.1262
2.7561 3.8464
3.3795 2.4877
3.8650 1.2044
3.7464 2.9032
3.6605 2.4353
2.7739 5.2720
2.0630 2.3419
1.0315 3.9547
1.8485 5.3525
3.1280 4.2473
2.8813 2.9456
2.7308 4.5687
2.5066 1.3019
1.4504 1.5662
2.3778 5.8611
2.4558 3.2829
2.6935 3.4674
3.2704 2.4341
2.4309 3.9942
1.7578 4.2507
2.6523 4.8860
3.7471 2.3487
1.3505 1.2121
2.5022 2.8593
2.7004 1.4407
2.7539 3.6629
2.0946 4.6592
2.2624 5.8186
2.6264 3.7632
3.4632 4.3178
2.0781 5.9651
2.1624 1.4979
3.1576 1.6335
3.1176 4.1797
3.8426 2.7760
1.5390 4.5270
3.7216 1.9242
3.3007 3.3686
1.4450 1.3808
3.8261 5.3359
1.9882 5.6362
1.4772 4.1061
3.8766 2.5435
3.5543 4.1495
1.1258 4.4181
2.7827 4.8539
1.5985 2.4989
2.6911 2.7364
2.1481 5.1409
1.3740 1.6699
3.8939 3.7729
1.3719 4.9868
2.8520 2.0066
2.1844 3.0182
3.3585 4.9096
2.5146 5.4719
3.3710 1.3594
2.6303 5.2764
2.2161 5.1430
3.3756 3.2382
2.1229 5.9360
3.9122 2.7181
3.7727 4.4307
3.3251 2.7267
2.4690 1.1737
3.6453 2.6905
3.0964 5.8034
2.7083 2.5449
2.3417 5.6480
3.9091 5.7386
3.8807 1.0086
2.0177 4.3330
3.0227 2.6903
2.4707 4.7629
2.5855 5.5753
1.0313 3.7018
3.6931 5.5580
1.7205 2.4658
2.9945 2.5784
2.1531 4.6688
1.8660 4.8257
3.5005 5.1972
2.6428 3.2556
1.5774 5.6571
1.3204 3.9969
2.9006 1.6403
1.8216 4.4415
2.4139 3.7126
2.2510 2.9974
2.3859 5.1879
1.2900 4.3749
3.7636 3.2525
1.1641 3.8761
3.4224 3.9139
2.7570 2.2554
3.2052 1.9056
1.0290 3.6284
3.4673 4.1223
1.1344 2.5883
3.8783 4.6606
2.2223 3.3389
2.2298 3.6762
2.7515 1.4504
1.1500 1.0882
3.3991 2.2809
2.9003 1.7000
3.9838 3.1170
3.2947 1.5017
3.5652 2.4791
2.0619 5.3035
2.8467 4.4563
1.0549 3.5882
1.5081 1.6512
3.8422 4.9679
1.3930 2.6347
3.3359 5.2498
3.4731 2.6413
3.0885 4.5049
2.6848 4.9694
3.0041 1.5123
1.1748 2.9831
3.0084 3.4951
3.8975 3.7689
3.9699 2.1591
1.0278 2.9706
1.2760 3.8717
1.7644 1.3572
3.0971 1.0243
2.8932 2.2371
2.1208 5.0012
2.7150 2.7697
3.7216 1.2665
3.5631 4.4595
1.8569 4.8839
2.3233 4.9554
3.8395 4.4079
3.1900 4.7859
2.8539 1.9172
1.6569 2.4493
3.4012 5.8727
2.2275 4.5094
1.3488 1.3803
1.3340 2.0714
1.9212 4.9282
2.9625 2.2402
1.3027 5.7950
1.9811 1.6216
1.3058 2.0153
1.8252 3.9068
2.0890 1.2910
1.1614 5.1741
1.5163 3.4606
3.7335 4.7117
3.4260 1.2698
3.3427 5.7025
2.6161 5.3458
1.4150 3.4697
1.1739 1.2029
1.2258 3.5614
1.2736 4.0383
3.6405 2.9659
3.1540 2.5882
2.9038 4.4124
3.5698 3.1095
1.2292 4.2415
2.4362 2.7755
2.1747 1.1437
1.4115 1.0905
3.8261 1.5069
2.7794 4.8207
2.8574 1.5264
3.7436 4.9713
2.7643 5.2664
2.4146 1.7284
2.4170 2.0641
1.0457 4.0583
2.4168 1.9983
3.7652 2.6287
3.4399 5.7530
1.1857 5.2443
1.6903 4.5262
1.1990 3.9208
1.3444 1.1463
3.8638 2.6194
3.1813 2.8634
1.6850 1.4653
3.8626 4.0597
3.4626 1.4850
3.2883 2.8718
1.0889 2.4288
1.0119 3.5122
2.2417 2.0038
2.9278 1.8697
2.9227 3.4519
2.9452 5.6296
3.1061 3.3975
2.3835 2.5334
1.2131 2.7880
2.1183 3.4721
3.5109 4.5175
3.6987 4.1368
3.7500 4.3877
2.3858 4.6591
3.7986 2.9865
1.2680 5.8427
2.0867 3.7510
1.5966 4.8477
1.4263 3.9278
1.2361 5.1974
2.1710 2.4387
2.3181 4.0854
3.7385 1.1562
1.4954 5.5069
3.2785 2.1697
1.7392 3.5390
3.0883 3.8784
2.9064 2.9961
1.1416 2.0349
3.5220 5.0332
1.2324 5.7334
2.0647 5.3870
3.8293 1.7866
2.4664 1.1021
1.4630 4.0703
3.0845 5.9460
1.1767 2.7765
1.0362 2.6705
3.6525 5.0304
1.5853 2.6033
1.1587 2.4297
2.5686 1.0192
1.2530 2.6094
2.4537 3.2092
1.2612 1.6735
3.1675 4.8100
3.8195 4.9488
2.6016 5.0156
3.0055 3.0427
1.3189 2.5988
3.4044 2.3432
3.1557 5.5913
1.9542 4.5950
3.4907 5.4143
2.9222 4.5771
1.9434 1.3503
3.7198 4.8915
3.3126 5.7485
3.4151 4.3935
1.3459 3.6990
3.7402 4.8159
1.1319 1.1014
3.9723 3.5106
2.2827 1.6087
2.7270 1.3485
3.3463 1.3714
1.3355 4.2282
1.2276 1.6337
1.0686 3.0223
3.1339 3.2398
3.4102 4.5631
3.7992 1.1840
2.1307 1.8188
1.4789 2.9024
3.0590 4.1680
3.2826 4.6301
1.0590 3.0524
2.5186 5.9974
2.1368 4.6366
3.4973 4.8696
1.5135 5.3316
2.3173 2.7551
3.3952 1.7577
3.6447 5.0413
1.3099 2.7901
2.2378 2.0696
3.2167 1.6533
3.5359 1.5697
1.2617 3.6635
1.5429 5.5996
2.2838 2.4922
1.2018 1.7431
1.8221 3.7330
1.8464 4.9517
2.3630 1.6060
2.4388 2.8998
2.4507 4.0907
1.3696 5.6836
2.6681 3.4821
3.0513 4.7607
1.0457 4.7506
2.8485 5.4607
2.6887 5.1561
1.7306 1.8924
1.9810 1.8921
2.8974 3.3105
3.8218 4.9668
3.1923 5.5301
1.6484 3.8429
3.9964 2.2918
1.2164 4.8381
1.2960 5.2604
3.1376 3.8783
3.1597 2.8373
1.4788 2.9334
3.8954 3.7591
2.7961 2.9969
1.9972 2.0489
3.0239 3.6705
2.0731 5.8572
2.9320 3.6823
2.2288 2.6794
2.7040 2.2039
3.3668 2.7794
2.9835 1.4583
2.4244 2.4812
2.4463 3.9343
3.7043 2.6925
3.6075 1.1664
3.9579 4.3022
2.6814 2.7003
2.6372 1.7659
3.7295 4.3307
2.2804 1.5876
1.0430 3.4543
3.9688 4.6768
2.6614 5.9746
2.6439 5.3066
3.3281 5.7003
2.9168 4.7620
3.8593 4.0448
1.6697 1.9918
2.6877 3.2645
2.3100 5.0370
1.8129 4.4219
1.5706 2.0173
3.6890 4.1293
3.9679 4.4124
1.9511 5.0198
2.0552 3.8650
1.1221 1.3705
2.0023 1.3490
3.6776 1.0892
3.3827 4.0078
1.7174 2.8760
3.4732 1.4059
3.7894 4.5982
1.7209 1.3359
3.5615 3.6483
3.3385 4.3428
1.1124 4.6006
2.6953 3.7844
1.4744 1.3001
1.0621 4.2700
3.5707 5.2297
3.6970 3.2636
2.0489 5.1409
3.0435 1.0324
2.4776 2.8865
3.2909 4.4850
3.3941 4.7276
1.3837 2.3141
2.8489 4.6643
3.9163 5.5471
1.1721 4.0081
3.3351 2.3021
1.6429 4.7491
1.6457 4.5611
2.9310 4.7798
2.3017 3.9336
2.7770 2.4166
3.3707 1.9283
3.7556 2.1361
1.1296 3.6171
3.0018 4.6576
1.4265 2.1214
2.6320 1.6932
3.0165 2.5813
2.9244 5.6387
2.2335 3.6224
1.9513 1.4524
2.3911 2.2116
3.4898 1.9937
1.1772 3.4330
1.8606 1.4067
3.7798 1.6253
3.1270 4.0513
1.9732 3.0887
3.5314 2.5106
2.2110 5.8992
3.8956 5.1628
1.7207 1.9291
1.8331 5.5191
2.8636 3.0858
2.1106 3.5550
1.9417 1.7000
3.9675 1.8469
2.8187 3.0016
2.6620 1.2180
1.4259 3.5981
2.2259 3.4333
2.5781 5.5734
3.2870 1.0902
3.7618 3.5826
2.8067 1.9628
3.9572 3.2595
3.1781 5.0750
3.9306 5.3803
2.0895 3.0101
3.2233 1.4519
3.9216 2.2624
3.6596 3.6977
2.5477 1.0285
2.5969 1.8198
1.6156 5.5904
1.1422 4.2471
3.7249 3.1443
1.1565 3.0634
2.6359 1.2652
2.0427 1.1405
2.1991 3.1783
1.2296 1.6787
1.7813 3.2740
2.9613 4.1204
2.5991 4.6380
1.9250 3.7297
2.8608 1.3562
3.0937 4.0330
2.1151 5.5686
1.6364 3.7948
1.1311 3.5957
2.2461 1.3764
2.4947 2.2090
3.4661 2.9067
1.6298 4.8538
3.1699 4.1021
3.7231 2.0054
1.0447 1.5611
2.6397 1.8295
2.6099 5.7343
3.5632 2.6731
2.8191 2.2748
2.1587 4.8980
1.0081 1.9612
1.2797 1.7713
3.4040 1.7523
2.9379 3.6877
3.5108 4.4051
2.6146 1.0080
2.9226 4.5731
3.0387 5.9238
3.7505 3.3557
2.7828 5.6982
2.4993 5.6368
3.7686 4.0610
3.0120 5.9155
3.2507 4.1825
3.2586 2.7545
3.2745 2.0110
2.4817 2.1412
3.7893 5.9537
1.9417 5.4494
3.3501 4.2140
2.7688 1.6012
3.3985 1.8357
1.5190 4.3584
3.0224 1.6352
1.7660 5.2737
2.4148 5.0015
3.0972 2.9696
2.6754 4.9778
2.7505 2.7663
3.8212 4.3446
2.6250 2.8397
1.7449 4.5140
2.7489 4.4278
2.5922 5.2281
2.9970 2.0244
3.2684 2.5341
3.1403 2.2877
1.3598 4.6730
3.0493 1.3569
2.6213 4.9978
3.4403 5.4083
1.6559 4.3993
3.0493 5.9166
3.4368 3.9157
1.0350 5.2471
1.9973 3.6594
3.4774 4.8948
3.1872 3.9898
2.6259 1.2863
3.8912 1.8860
1.8375 3.6948
2.0055 4.7938
1.7905 2.6190
2.6550 1.0547
2.7926 4.8988
3.7894 3.3462
1.6374 5.2934
3.4905 2.1074
2.6768 1.3556
2.7359 1.1510
2.6416 1.6935
2.8034 2.4345
2.6296 4.7731
2.4077 1.2487
2.2812 1.9030
3.7839 4.8774
1.2858 2.4589
2.1067 5.7241
2.3202 1.0395
2.4967 3.7994
2.4359 4.3108
3.1105 3.5438
3.7654 1.7756
1.3989 3.7125
3.1952 2.8168
2.2641 2.3304
3.7037 3.4419
2.7550 4.7777
1.0880 1.4697
3.9879 3.8748
1.6242 2.6961
1.1909 5.3627
2.4560 1.8524
2.1129 1.9749
2.8201 4.6773
1.2708 4.0684
2.3296 5.7604
3.2177 4.6863
1.6960 3.4359
2.2617 1.1874
3.5327 3.8445
1.3069 2.1662
1.6554 3.3709
1.8564 1.6963
1.6259 4.4938
3.4303 2.8700
3.7083 5.0199
2.6632 2.0784
1.1011 4.0429
3.2060 1.5708
2.4790 3.9519
1.0117 4.8057
2.6441 1.7079
1.5862 2.3798
3.2920 1.2897
2.7931 5.5108
1.9228 5.3214
3.8062 3.1760
2.1960 4.1011
2.3423 2.6071
3.4854 2.7960
3.6320 3.0569
2.8560 2.3716
1.5124 2.6495
3.9927 3.4185
1.0318 5.0861
1.4580 5.3097
3.7909 4.5499
3.0793 3.7023
1.4397 5.8807
2.4055 5.5632
3.8376 4.6379
1.0617 3.2970
3.9833 3.7238
3.1327 2.9408
2.5609 5.2283
1.8768 3.3936
2.3744 1.0766
3.0131 5.4915
2.1195 3.9694
3.4651 3.7291
1.0457 2.2822
3.2002 3.0025
1.2796 2.7103
3.2959 1.5108
1.3644 2.7065
2.6001 1.9393
1.6797 5.5711
2.3876 5.2631
1.1103 1.5045
2.3632 1.8027
1.1722 3.4858
1.6049 1.7247
2.1587 1.8808
1.7862 5.1130
1.7313 2.3012
2.5628 2.6665
3.0622 2.7664
3.1863 5.2723
2.9823 1.4127
1.4671 5.3923
3.2780 1.0214
1.0838 1.6037
2.6633 1.3272
2.1471 4.1261
2.8776 3.1075
2.7737 1.7830
2.5919 2.6144
1.1154 2.4061
1.3259 1.1630
2.4181 1.5088
1.3031 2.3784
2.0197 5.2532
2.7268 2.7472
1.0142 5.4983
2.8874 5.5894
3.6345 2.3475
1.3569 4.1389
2.9244 3.4419
2.2645 3.4063
1.9286 5.4673
3.5808 5.1618
1.9014 2.6720
2.8010 3.4106
3.0631 2.7920
2.0594 2.7757
1.2817 4.3197
1.7205 5.2120
1.1290 4.8711
3.3781 4.7443
2.7523 5.5620
1.0970 1.5976
1.4442 1.9106
2.4803 4.5168
1.7490 3.3420
3.1860 1.1143
3.5945 3.8887
2.5317 5.5184
2.6546 1.5880
1.4653 1.6434
2.4115 1.3877
2.9138 3.4400
2.8635 4.3392
1.9002 1.7244
2.3907 2.1449
1.5901 2.8127
1.4607 4.2770
3.5328 1.6389
1.8005 1.6770
3.0718 4.1551
3.6055 4.0710
3.9655 2.5927
2.9307 3.4934
3.8472 2.8073
3.3545 1.8750
1.4167 4.4838
1.2981 3.5472
1.2463 2.3776
3.9005 4.7046
2.6857 3.6070
2.7584 5.5123
1.1821 2.0538
3.8708 2.1000
1.9040 2.1276
2.6433 2.9040
3.2898 3.8184
2.8472 2.4040
1.3752 2.6395
2.2040 4.1875
3.6839 1.6446
3.8195 5.5130
2.2411 1.1513
3.8466 1.6352
2.9599 4.2898
1.3548 2.3768
3.6457 5.3745
3.2978 2.2520
3.3383 5.5285
1.9666 1.0803
3.2765 1.4475
1.4303 5.1771
3.0410 4.6503
1.8346 4.0781
2.9448 4.5998
2.2721 2.7244
3.9642 3.1734
1.8613 1.4747
3.8965 3.8472
3.5801 2.0168
2.5179 1.9726
3.4152 2.0930
2.9304 4.6849
1.1056 1.5172
2.8945 1.2683
2.9808 2.0313
3.2552 3.3172
2.6624 1.7972
1.7505 3.5877
2.4157 5.9263
3.5621 2.7476
3.5170 3.0490
3.8108 3.5035
2.9281 3.6391
3.8801 5.3527
3.6595 3.4832
2.4245 4.6909
2.8843 4.7156
2.1675 3.3199
3.0477 2.6555
3.6118 2.5598
2.5572 4.4964
3.3662 1.4475
2.3255 5.0333
1.7931 2.5552
1.0833 2.1241
2.5383 1.3522
1.9673 2.0380
3.6056 5.7112
2.9063 5.2420
1.7783 3.5873
2.8198 2.8788
3.1464 5.0483
1.8825 4.3180
1.4750 5.8292
3.6418 3.4539
2.1423 2.5171
3.8716 1.9288
2.9626 3.1580
2.5203 1.2284
1.4163 2.5128
3.3334 3.1232
1.1439 3.2288
1.6971 5.8769
2.5099 5.2519
3.2421 5.0695
3.5380 1.6998
2.6479 4.7582
2.9330 5.2500
3.3065 1.9176
1.0849 5.5395
1.6440 5.4957
2.8504 1.0451
1.4506 4.0052
1.1029 3.7438
3.9049 4.9291
2.0127 2.9356
2.6084 5.1139
3.7349 5.2551
3.4599 4.7815
1.9348 4.5258
1.7157 3.2511
1.9392 1.2606
3.3823 5.7584
3.7775 4.2920
3.8753 2.2446
3.2073 1.0315
1.5700 3.0423
2.1590 1.4203
2.3205 1.7660
3.4206 3.6622
2.5724 5.6279
2.4738 5.3610
1.3762 5.1895
3.9153 1.9245
1.9548 2.0821
1.5253 3.1901
1.8075 1.2737
2.0188 4.8335
3.3993 4.7098
3.6605 2.5187
3.2433 3.4748
1.6322 5.8436
3.6617 5.4352
2.7621 1.4316
2.6644 5.4257
1.9844 1.8138
1.0502 3.8922
3.3421 4.4390
1.2301 5.6246
3.3142 3.0852
1.8804 1.0643
3.3505 2.3690
2.5833 4.0066
3.5551 4.6291
2.2087 5.2041
1.5587 1.9816
1.0224 1.7533
3.4804 4.1621
1.0221 4.2673
2.6619 1.5642
1.7023 4.5398
2.4264 1.1072
3.6701 1.6230
1.5509 4.2762
1.9270 2.1457
3.3229 5.7472
1.7373 4.7462
2.6911 2.0018
3.9289 4.9447
3.0243 4.5945
3.9712 4.2110
3.4323 3.6043
2.2148 4.9147
1.5723 5.3467
2.4292 1.8384
2.2438 4.7906
2.4509 3.8124
2.0202 1.0603
1.8535 3.2079
2.4816 1.0490
1.0896 5.8639
3.4541 4.1613
1.9372 2.6819
1.9847 1.4400
3.8681 2.4930
1.7440 5.1633
3.7794 1.3904
3.7645 1.7256
1.0970 4.1105
2.9791 2.8080
3.4701 4.2973
2.3847 4.3387
3.7865 3.1991
3.7286 1.1581
3.1025 2.7201
1.1400 1.7447
