100
2.4132 2.0942
1.6137 2.8098
1.3887 2.4661
1.1785 2.8480
2.2728 2.4232
1.5727 1.2391
2.4155 2.4439
1.8201 1.3103
1.9930 1.1024
2.5548 1.3482
1.8885 1.3777
1.1193 2.4415
1.2160 2.0071
2.7317 2.5891
2.4978 2.8527
2.0843 2.3946
2.6898 2.6764
1.7740 1.0824
2.6940 2.0821
1.5553 1.6771
1.7745 1.5961
1.9369 2.4145
1.3026 2.8986
1.8519 2.0106
2.0369 1.9581
2.5457 2.6185
2.2889 2.6834
1.9316 2.2331
2.6024 2.3389
2.1012 2.3990
2.9530 1.9401
1.3122 1.6539
2.2062 2.3039
1.5787 1.2154
2.2697 1.9806
2.1570 1.2176
1.1560 2.9779
1.0258 2.5744
2.1341 2.9853
2.6965 1.0065
1.2690 1.1676
2.1584 2.0226
1.1179 2.4820
1.8176 2.7030
2.4474 2.3853
1.9313 2.2257
2.9237 2.4431
1.5038 1.7925
2.4065 2.3092
1.8298 1.9774
1.3382 2.9024
2.1921 1.9919
2.2346 1.9983
1.6049 2.3064
2.6379 1.4502
2.6643 2.2769
2.1632 2.2155
1.3054 2.8404
1.6656 1.7763
1.3885 2.7358
1.4024 2.7522
2.1933 2.6612
2.2766 2.9660
2.5528 1.3273
1.9837 1.2211
1.3916 2.2514
1.5426 1.7703
2.2740 2.6991
2.8460 2.7803
1.0906 1.7363
2.3779 1.4189
2.6772 1.0693
2.2663 2.9205
1.0813 2.5147
1.5423 1.6437
1.7881 1.4210
1.7003 2.0526
2.7878 2.4591
1.0806 1.5381
2.5050 1.7936
2.1986 2.9764
2.0348 2.9259
1.7049 2.2875
2.1494 1.8833
1.4805 1.7865
1.1420 2.5945
2.6213 1.5024
2.6744 1.9627
2.1113 2.8763
1.1934 1.6908
1.6493 2.0527
2.1597 1.1490
2.7549 1.2797
1.1914 2.0311
2.8351 1.0163
1.1851 1.5855
1.3889 1.2691
1.3229 2.1736
1.5247 1.8718
1.1892 2.0291
