593
1 999
3 997
4 996
5 995
6 994
7 993
10 990
11 989
12 988
16 984
17 983
19 981
24 976
26 974
28 972
30 970
33 967
35 965
36 964
40 960
41 959
44 956
45 955
47 953
48 952
49 951
50 950
52 948
54 946
57 943
60 940
61 939
63 937
64 936
65 935
66 934
67 933
69 931
70 930
71 929
72 928
73 927
75 925
77 923
78 922
81 919
83 917
84 916
85 915
88 912
91 909
92 908
94 906
95 905
96 904
97 903
98 902
99 901
100 900
103 897
104 896
106 894
107 893
108 892
110 890
111 889
112 888
118 882
122 878
123 877
124 876
126 874
127 873
130 870
133 867
135 865
141 859
142 858
148 852
149 851
150 850
152 848
153 847
155 845
156 844
157 843
163 837
165 835
167 833
169 831
170 830
171 829
172 828
173 827
174 826
175 825
177 823
179 821
180 820
181 819
184 816
186 814
189 811
190 810
191 809
193 807
194 806
199 801
201 799
202 798
206 794
207 793
209 791
210 790
211 789
212 788
213 787
216 784
218 782
219 781
220 780
221 779
223 777
224 776
225 775
226 774
227 773
229 771
230 770
231 769
232 768
233 767
235 765
236 764
237 763
238 762
239 761
241 759
242 758
243 757
244 756
245 755
246 754
247 753
248 752
251 749
252 748
256 744
258 742
260 740
262 738
263 737
265 735
266 734
267 733
268 732
269 731
270 730
271 729
272 728
273 727
274 726
275 725
279 721
281 719
284 716
285 715
287 713
290 710
291 709
292 708
293 707
295 705
296 704
297 703
298 702
300 700
302 698
303 697
304 696
306 694
309 691
310 690
311 689
312 688
313 687
314 686
315 685
317 683
321 679
322 678
325 675
326 674
328 672
329 671
333 667
337 663
338 662
340 660
341 659
343 657
344 656
345 655
346 654
347 653
349 651
350 650
351 649
352 648
353 647
355 645
356 644
357 643
358 642
360 640
364 636
366 634
367 633
370 630
371 629
372 628
373 627
374 626
375 625
377 623
379 621
382 618
383 617
384 616
386 614
389 611
390 610
391 609
392 608
394 606
396 604
397 603
399 601
400 600
402 598
403 597
405 595
407 593
408 592
410 590
411 589
412 588
413 587
414 586
415 585
417 583
419 581
421 579
424 576
425 575
430 570
431 569
432 568
433 567
435 565
436 564
437 563
440 560
443 557
445 555
446 554
448 552
449 551
451 549
452 548
456 544
457 543
458 542
459 541
460 540
461 539
464 536
465 535
466 534
468 532
469 531
470 530
473 527
475 525
476 524
478 522
479 521
480 520
482 518
484 516
485 515
487 513
490 510
491 509
492 508
496 504
500 500
502 498
504 496
505 495
506 494
507 493
509 491
510 490
511 489
512 488
513 487
515 485
517 483
518 482
520 480
521 479
522 478
523 477
524 476
525 475
526 474
527 473
530 470
531 469
532 468
533 467
535 465
536 464
541 459
542 458
544 456
545 455
547 453
549 451
550 450
551 449
552 448
555 445
556 444
557 443
558 442
559 441
560 440
562 438
563 437
564 436
566 434
567 433
568 432
572 428
574 426
577 423
579 421
580 420
582 418
583 417
584 416
585 415
587 413
588 412
589 411
594 406
596 404
597 403
599 401
603 397
604 396
606 394
607 393
608 392
611 389
612 388
614 386
616 384
617 383
623 377
624 376
625 375
626 374
627 373
628 372
630 370
631 369
633 367
634 366
638 362
642 358
644 356
646 354
647 353
648 352
651 349
654 346
662 338
663 337
666 334
667 333
669 331
670 330
673 327
674 326
675 325
676 324
677 323
678 322
682 318
683 317
685 315
688 312
689 311
690 310
691 309
693 307
694 306
696 304
697 303
700 300
705 295
706 294
708 292
709 291
712 288
713 287
715 285
717 283
718 282
720 280
721 279
723 277
725 275
729 271
732 268
733 267
735 265
739 261
740 260
743 257
744 256
745 255
746 254
747 253
748 252
749 251
750 250
751 249
752 248
753 247
754 246
755 245
760 240
761 239
762 238
763 237
764 236
765 235
766 234
769 231
770 230
772 228
774 226
775 225
776 224
777 223
779 221
780 220
782 218
783 217
786 214
787 213
788 212
790 210
792 208
794 206
796 204
797 203
799 201
800 200
801 199
803 197
804 196
805 195
811 189
812 188
813 187
814 186
815 185
817 183
818 182
819 181
821 179
823 177
824 176
825 175
826 174
828 172
829 171
833 167
834 166
835 165
836 164
837 163
839 161
840 160
846 154
847 153
848 152
849 151
853 147
854 146
856 144
857 143
858 142
859 141
860 140
863 137
865 135
866 134
868 132
869 131
874 126
875 125
876 124
878 122
879 121
880 120
882 118
883 117
886 114
887 113
888 112
889 111
892 108
893 107
895 105
896 104
901 99
902 98
903 97
904 96
905 95
907 93
908 92
911 89
913 87
914 86
915 85
916 84
917 83
918 82
921 79
922 78
923 77
925 75
926 74
927 73
928 72
929 71
930 70
932 68
933 67
934 66
935 65
936 64
937 63
939 61
944 56
945 55
946 54
949 51
950 50
951 49
953 47
954 46
956 44
957 43
958 42
959 41
960 40
961 39
966 34
967 33
968 32
969 31
974 26
976 24
978 22
981 19
982 18
985 15
986 14
988 12
989 11
990 10
991 9
993 7
995 5
996 4
