589
914 86
698 302
6 994
571 429
668 332
769 231
369 631
115 885
167 833
899 101
114 886
490 510
402 598
408 592
533 467
161 839
187 813
597 403
244 756
170 830
550 450
943 57
436 564
101 899
60 940
86 914
383 617
926 74
556 444
703 297
183 817
962 38
507 493
782 218
577 423
949 51
137 863
601 399
14 986
812 188
876 124
599 401
420 580
314 686
291 709
850 150
591 409
378 622
681 319
978 22
609 391
733 267
197 803
165 835
491 509
959 41
343 657
863 137
872 128
743 257
434 566
973 27
328 672
32 968
245 755
62 938
92 908
801 199
93 907
18 982
213 787
853 147
49 951
240 760
27 973
687 313
205 795
971 29
988 12
924 76
341 659
58 942
135 865
611 389
764 236
382 618
808 192
856 144
647 353
739 261
786 214
481 519
25 975
539 461
118 882
451 549
177 823
574 426
7 993
396 604
295 705
235 765
461 539
149 851
553 447
355 645
71 929
216 784
981 19
506 494
771 229
871 129
710 290
976 24
106 894
734 266
572 428
579 421
247 753
380 620
82 918
449 551
847 153
964 36
390 610
442 558
560 440
663 337
146 854
375 625
224 776
627 373
237 763
196 804
475 525
693 307
813 187
862 138
457 543
517 483
997 3
783 217
494 506
367 633
214 786
967 33
708 292
912 88
100 900
525 475
433 567
289 711
405 595
747 253
360 640
324 676
280 720
51 949
243 757
805 195
357 643
619 381
46 954
665 335
594 406
276 724
714 286
883 117
288 712
630 370
22 978
431 569
833 167
210 790
875 125
884 116
437 563
989 11
344 656
21 979
828 172
761 239
632 368
128 872
4 996
851 149
557 443
416 584
385 615
266 734
413 587
500 500
251 749
737 263
353 647
935 65
544 456
653 347
53 947
445 555
568 432
112 888
192 808
414 586
725 275
605 395
485 515
172 828
897 103
45 955
713 287
645 355
534 466
702 298
333 667
123 877
425 575
56 944
358 642
121 879
637 363
588 412
252 748
395 605
424 576
580 420
175 825
259 741
810 190
398 602
634 366
720 280
781 219
575 425
418 582
326 674
721 279
486 514
547 453
388 612
339 661
927 73
528 472
894 106
274 726
231 769
573 427
256 744
345 655
696 304
936 64
432 568
411 589
920 80
869 131
674 326
636 364
796 204
374 626
290 710
530 470
302 698
535 465
838 162
620 380
654 346
874 126
932 68
956 44
704 296
523 477
792 208
711 289
589 411
576 424
822 178
364 636
269 731
518 482
236 764
724 276
512 488
447 553
986 14
460 540
479 521
17 983
984 16
910 90
519 481
16 984
730 270
816 184
983 17
849 151
648 352
697 303
621 379
662 338
162 838
608 392
384 616
722 278
113 887
779 221
489 511
844 156
802 198
531 469
513 487
639 361
409 591
715 285
684 316
361 639
87 913
238 762
985 15
47 953
664 336
887 113
258 742
502 498
158 842
679 321
417 583
190 810
261 739
866 134
356 644
766 234
12 988
616 384
421 579
961 39
613 387
797 203
848 152
940 60
837 163
939 61
892 108
584 416
590 410
902 98
226 774
732 268
549 451
257 743
189 811
80 920
68 932
629 371
95 905
980 20
350 650
736 264
453 547
138 862
309 691
140 860
24 976
229 771
182 818
638 362
435 565
537 463
387 613
858 142
682 318
727 273
174 826
895 105
124 876
873 127
35 965
823 177
623 377
843 157
554 446
131 869
562 438
953 47
923 77
85 915
464 536
818 182
505 495
676 324
75 925
753 247
596 404
977 23
814 186
820 180
811 189
532 468
292 708
794 206
595 405
740 260
909 91
809 191
775 225
606 394
476 524
546 454
399 601
194 806
50 950
105 895
815 185
404 596
340 660
835 165
211 789
54 946
685 315
649 351
950 50
169 831
510 490
669 331
615 385
147 853
110 890
202 798
104 896
391 609
937 63
48 952
650 350
474 526
918 82
348 652
20 980
73 927
148 852
3 997
931 69
829 171
958 42
440 560
919 81
422 578
406 594
59 941
540 460
34 966
626 374
861 139
74 926
271 729
701 299
767 233
841 159
836 164
830 170
566 434
865 135
283 717
656 344
306 694
987 13
845 155
88 912
966 34
67 933
272 728
248 752
319 681
76 924
521 479
69 931
855 145
427 573
657 343
834 166
885 115
164 836
867 133
232 768
974 26
965 35
563 437
692 308
270 730
129 871
152 848
804 196
30 970
228 772
282 718
483 517
941 59
250 750
203 797
201 799
709 291
957 43
800 200
661 339
991 9
37 963
166 834
141 859
497 503
153 847
410 590
207 793
972 28
716 284
839 161
760 240
38 962
241 759
139 861
582 418
618 382
468 532
799 201
293 707
969 31
773 227
511 489
728 272
351 649
893 107
200 800
191 809
299 701
234 766
907 93
253 747
173 827
741 259
332 668
551 449
368 632
40 960
99 901
346 654
477 523
826 174
744 256
759 241
415 585
222 778
352 648
108 892
281 719
824 176
401 599
52 948
951 49
763 237
122 878
870 130
717 283
107 893
569 431
508 492
26 974
614 386
992 8
774 226
84 916
386 614
585 415
249 751
852 148
954 46
242 758
294 706
795 205
600 400
465 535
480 520
134 866
185 815
446 554
751 249
678 322
354 646
738 262
57 943
946 54
304 696
922 78
