316
704 296
313 687
118 882
28 972
731 269
969 31
903 97
674 326
623 377
855 145
75 925
78 922
451 549
981 19
203 797
91 909
572 428
391 609
21 979
748 252
32 968
534 466
741 259
601 399
902 98
398 602
48 952
81 919
144 856
524 476
821 179
719 281
946 54
738 262
619 381
593 407
496 504
306 694
40 960
359 641
985 15
971 29
172 828
854 146
72 928
947 53
522 478
278 722
635 365
327 673
329 671
796 204
323 677
483 517
52 948
107 893
883 117
612 388
468 532
980 20
566 434
389 611
184 816
728 272
889 111
668 332
454 546
505 495
880 120
373 627
929 71
730 270
685 315
526 474
845 155
936 64
469 531
878 122
537 463
235 765
665 335
577 423
599 401
678 322
378 622
641 359
868 132
818 182
354 646
384 616
919 81
605 395
864 136
767 233
643 357
121 879
178 822
918 82
658 342
840 160
803 197
666 334
9 991
926 74
319 681
824 176
729 271
404 596
700 300
747 253
843 157
223 777
403 597
314 686
291 709
271 729
713 287
287 713
869 131
726 274
837 163
634 366
885 115
63 937
227 773
615 385
185 815
510 490
62 938
669 331
663 337
833 167
520 480
242 758
793 207
550 450
411 589
910 90
207 793
849 151
778 222
709 291
870 130
23 977
587 413
705 295
595 405
696 304
432 568
652 348
482 518
177 823
476 524
42 958
100 900
296 704
600 400
357 643
224 776
139 861
137 863
881 119
988 12
517 483
30 970
64 936
85 915
358 642
610 390
888 112
812 188
407 593
455 545
873 127
515 485
698 302
435 565
590 410
299 701
431 569
756 244
894 106
872 128
697 303
402 598
716 284
95 905
614 386
4 996
617 383
586 414
866 134
248 752
657 343
262 738
714 286
427 573
123 877
170 830
330 670
31 969
647 353
212 788
463 537
160 840
979 21
774 226
648 352
500 500
616 384
490 510
924 76
921 79
342 658
632 368
539 461
582 418
503 497
41 959
934 66
460 540
380 620
882 118
206 794
429 571
111 889
443 557
486 514
555 445
622 378
27 973
351 649
134 866
607 393
847 153
266 734
751 249
493 507
282 718
558 442
217 783
61 939
972 28
629 371
334 666
655 345
82 918
426 574
394 606
662 338
401 599
276 724
999 1
245 755
807 193
948 52
24 976
998 2
792 208
226 774
779 221
602 398
656 344
406 594
277 723
200 800
292 708
838 162
102 898
269 731
399 601
816 184
14 986
16 984
164 836
67 933
959 41
70 930
143 857
760 240
280 720
311 689
576 424
871 129
315 685
256 744
660 340
739 261
161 839
152 848
763 237
236 764
279 721
789 211
542 458
3 997
942 58
560 440
907 93
856 144
131 869
442 558
637 363
877 123
155 845
51 949
638 362
720 280
990 10
363 637
819 181
694 306
393 607
961 39
901 99
188 812
