447
885 115
823 177
710 290
276 724
418 582
588 412
320 680
175 825
776 224
371 629
166 834
708 292
792 208
572 428
957 43
421 579
938 62
411 589
870 130
759 241
498 502
489 511
545 455
237 763
769 231
984 16
778 222
423 577
899 101
665 335
942 58
568 432
303 697
485 515
966 34
477 523
483 517
921 79
671 329
734 266
233 767
604 396
964 36
168 832
820 180
756 244
241 759
97 903
144 856
982 18
740 260
889 111
950 50
187 813
919 81
132 868
478 522
682 318
589 411
974 26
804 196
408 592
529 471
393 607
476 524
516 484
31 969
554 446
488 512
39 961
711 289
981 19
567 433
637 363
189 811
788 212
496 504
962 38
199 801
250 750
124 876
949 51
600 400
655 345
999 1
760 240
917 83
332 668
85 915
494 506
16 984
812 188
687 313
119 881
372 628
509 491
537 463
455 545
697 303
64 936
456 544
731 269
440 560
345 655
585 415
261 739
916 84
186 814
500 500
900 100
882 118
528 472
464 536
294 706
302 698
240 760
384 616
331 669
74 926
484 516
96 904
212 788
750 250
257 743
238 762
198 802
268 732
758 242
234 766
63 937
236 764
610 390
569 431
829 171
791 209
159 841
252 748
290 710
430 570
111 889
84 916
943 57
620 380
340 660
930 70
347 653
379 621
176 824
763 237
873 127
902 98
602 398
259 741
875 125
979 21
557 443
481 519
171 829
453 547
106 894
560 440
840 160
636 364
226 774
989 11
633 367
688 312
103 897
162 838
370 630
801 199
638 362
880 120
948 52
414 586
145 855
923 77
849 151
307 693
510 490
36 964
772 228
842 158
914 86
887 113
986 14
803 197
862 138
208 792
401 599
736 264
397 603
157 843
442 558
693 307
644 356
329 671
785 215
694 306
146 854
70 930
362 638
590 410
541 459
883 117
169 831
624 376
733 267
680 320
825 175
968 32
978 22
850 150
263 737
559 441
202 798
305 695
535 465
932 68
956 44
400 600
249 751
678 322
469 531
908 92
38 962
593 407
690 310
142 858
141 859
839 161
897 103
239 761
57 943
127 873
125 875
300 700
532 468
912 88
622 378
621 379
713 287
358 642
642 358
976 24
818 182
184 816
95 905
278 722
941 59
495 505
877 123
398 602
725 275
438 562
817 183
784 216
506 494
427 573
664 336
62 938
61 939
770 230
277 723
737 263
437 563
325 675
12 988
747 253
81 919
33 967
292 708
244 756
133 867
115 885
105 895
972 28
399 601
847 153
646 354
679 321
174 826
366 634
922 78
210 790
72 928
382 618
243 757
582 418
359 641
310 690
749 251
394 606
118 882
179 821
997 3
314 686
903 97
533 467
542 458
990 10
959 41
381 619
835 165
627 373
21 979
218 782
851 149
605 395
936 64
766 234
890 110
813 187
504 496
939 61
312 688
230 770
139 861
632 368
951 49
361 639
625 375
285 715
783 217
657 343
316 684
225 775
267 733
601 399
23 977
781 219
742 258
722 278
634 366
351 649
915 85
181 819
270 730
848 152
611 389
272 728
961 39
827 173
492 508
289 711
58 942
777 223
343 657
55 945
550 450
161 839
330 670
872 128
188 812
194 806
224 776
48 952
117 883
214 786
945 55
79 921
954 46
937 63
524 476
965 35
376 624
626 374
204 796
56 944
977 23
396 604
254 746
369 631
60 940
378 622
14 986
299 701
854 146
220 780
565 435
102 898
666 334
793 207
521 479
26 974
712 288
123 877
844 156
587 413
767 233
417 583
831 169
43 957
860 140
390 610
137 863
28 972
68 932
15 985
473 527
155 845
29 971
566 434
538 462
108 892
173 827
93 907
373 627
470 530
281 719
409 591
552 448
971 29
700 300
315 685
841 159
213 787
367 633
293 707
594 406
439 561
10 990
947 53
75 925
674 326
774 226
113 887
451 549
322 678
926 74
177 823
969 31
805 195
311 689
906 94
555 445
953 47
86 914
673 327
156 844
745 255
752 248
200 800
536 464
790 210
432 568
764 236
