343
445 555
255 745
358 642
354 646
566 434
323 677
974 26
972 28
606 394
846 154
640 360
746 254
359 641
542 458
650 350
404 596
460 540
39 961
693 307
347 653
481 519
723 277
849 151
570 430
634 366
862 138
34 966
601 399
767 233
413 587
225 775
429 571
571 429
561 439
895 105
297 703
590 410
172 828
544 456
373 627
230 770
791 209
390 610
505 495
569 431
973 27
680 320
12 988
623 377
427 573
579 421
360 640
888 112
314 686
822 178
540 460
273 727
13 987
927 73
874 126
731 269
502 498
91 909
349 651
842 158
245 755
228 772
659 341
691 309
92 908
223 777
921 79
102 898
379 621
639 361
709 291
622 378
316 684
645 355
65 935
915 85
509 491
1 999
597 403
535 465
898 102
199 801
604 396
160 840
473 527
185 815
25 975
137 863
884 116
260 740
261 739
475 525
909 91
42 958
656 344
302 698
551 449
4 996
312 688
446 554
229 771
705 295
614 386
330 670
37 963
250 750
676 324
638 362
905 95
538 462
183 817
802 198
592 408
584 416
107 893
163 837
593 407
17 983
940 60
747 253
876 124
559 441
392 608
831 169
591 409
49 951
948 52
867 133
322 678
936 64
45 955
782 218
154 846
545 455
617 383
750 250
827 173
190 810
48 952
833 167
18 982
161 839
756 244
926 74
495 505
43 957
823 177
745 255
911 89
583 417
871 129
951 49
975 25
278 722
610 390
452 548
466 534
146 854
149 851
855 145
235 765
220 780
262 738
386 614
761 239
9 991
76 924
33 967
434 566
334 666
674 326
562 438
457 543
50 950
480 520
829 171
660 340
525 475
688 312
732 268
598 402
496 504
947 53
364 636
988 12
910 90
935 65
530 470
303 697
605 395
520 480
704 296
197 803
506 494
96 904
686 314
508 492
989 11
817 183
341 659
8 992
803 197
19 981
253 747
933 67
941 59
476 524
227 773
179 821
61 939
383 617
754 246
946 54
69 931
203 797
115 885
517 483
868 132
786 214
615 385
168 832
366 634
251 749
327 673
342 658
243 757
595 405
105 895
438 562
27 973
543 457
839 161
630 370
467 533
673 327
288 712
133 867
198 802
456 544
607 393
995 5
479 521
557 443
794 206
627 373
724 276
644 356
729 271
857 143
643 357
380 620
462 538
325 675
247 753
878 122
789 211
455 545
549 451
270 730
369 631
658 342
477 523
769 231
964 36
234 766
853 147
507 493
221 779
368 632
820 180
574 426
155 845
248 752
602 398
405 595
281 719
423 577
957 43
889 111
265 735
78 922
797 203
578 422
122 878
603 397
715 285
415 585
175 825
716 284
939 61
430 570
126 874
928 72
426 574
215 785
324 676
755 245
670 330
647 353
70 930
628 372
768 232
81 919
32 968
780 220
890 110
461 539
249 751
109 891
28 972
564 436
431 569
71 929
824 176
47 953
961 39
284 716
340 660
840 160
488 512
169 831
774 226
534 466
95 905
140 860
616 384
54 946
646 354
585 415
892 108
401 599
993 7
923 77
94 906
124 876
159 841
980 20
256 744
