292
281 719
429 571
696 304
233 767
274 726
71 929
511 489
121 879
948 52
966 34
577 423
556 444
327 673
725 275
982 18
780 220
102 898
770 230
636 364
401 599
122 878
43 957
95 905
88 912
148 852
275 725
542 458
278 722
614 386
895 105
810 190
240 760
601 399
245 755
462 538
602 398
139 861
649 351
57 943
758 242
646 354
678 322
231 769
555 445
843 157
449 551
480 520
85 915
252 748
570 430
648 352
186 814
988 12
900 100
459 541
345 655
524 476
412 588
285 715
64 936
152 848
279 721
851 149
217 783
348 652
373 627
56 944
92 908
955 45
260 740
63 937
486 514
886 114
704 296
14 986
908 92
411 589
844 156
183 817
437 563
1 999
517 483
232 768
778 222
995 5
541 459
987 13
537 463
319 681
617 383
75 925
243 757
40 960
669 331
527 473
690 310
23 977
424 576
816 184
882 118
781 219
392 608
443 557
453 547
493 507
565 435
576 424
993 7
287 713
567 433
155 845
685 315
123 877
756 244
188 812
475 525
891 109
558 442
612 388
265 735
172 828
441 559
737 263
728 272
684 316
857 143
573 427
634 366
308 692
89 911
883 117
952 48
176 824
31 969
76 924
312 688
168 832
554 446
825 175
747 253
933 67
307 693
36 964
74 926
98 902
60 940
928 72
106 894
450 550
963 37
377 623
79 921
507 493
510 490
225 775
613 387
93 907
346 654
833 167
808 192
523 477
54 946
874 126
942 58
582 418
525 475
746 254
518 482
515 485
865 135
414 586
853 147
564 436
655 345
994 6
128 872
219 781
367 633
352 648
713 287
342 658
834 166
760 240
142 858
5 995
419 581
798 202
162 838
296 704
477 523
989 11
344 656
936 64
727 273
700 300
875 125
964 36
846 154
355 645
945 55
605 395
474 526
13 987
553 447
499 501
386 614
606 394
593 407
901 99
18 982
854 146
127 873
179 821
126 874
270 730
826 174
131 869
867 133
755 245
572 428
62 938
108 892
78 922
710 290
446 554
675 325
530 470
789 211
881 119
26 974
218 782
295 705
55 945
467 533
156 844
910 90
364 636
8 992
35 965
406 594
303 697
161 839
550 450
430 570
105 895
470 530
403 597
668 332
745 255
178 822
235 765
695 305
492 508
400 600
25 975
607 393
239 761
136 864
917 83
65 935
190 810
291 709
340 660
688 312
415 585
205 795
776 224
968 32
939 61
802 198
394 606
909 91
326 674
604 396
712 288
94 906
588 412
877 123
360 640
562 438
513 487
129 871
751 249
234 766
211 789
10 990
769 231
748 252
762 238
356 644
322 678
370 630
