100 154
1 2 309
1 3 918
2 4 251
2 5 266
2 6 120
3 7 207
3 8 203
5 9 444
7 10 921
5 11 553
1 12 715
5 13 922
4 14 669
2 15 236
15 16 552
4 17 256
17 18 930
12 19 382
18 20 924
17 21 683
16 22 44
20 23 862
10 24 4
24 25 543
12 26 915
11 27 745
18 28 851
18 29 147
5 30 899
12 31 73
22 32 725
27 33 688
4 34 642
7 35 281
19 36 205
18 37 629
2 38 541
1 39 315
18 40 927
12 41 413
11 42 468
21 43 170
15 44 591
18 45 272
19 46 882
15 47 663
35 48 888
30 49 894
21 50 822
27 51 544
3 52 542
18 53 127
18 54 140
19 55 309
8 56 357
1 57 606
5 58 452
44 59 578
49 60 143
59 61 105
12 62 329
14 63 32
30 64 34
37 65 899
35 66 140
49 67 819
56 68 367
15 69 610
30 70 967
38 71 149
19 72 588
21 73 618
6 74 643
60 75 281
66 76 395
51 77 631
56 78 554
25 79 225
79 80 833
9 81 903
51 82 405
15 83 313
71 84 792
35 85 382
2 86 752
24 87 90
4 88 670
26 89 583
66 90 345
65 91 384
63 92 219
85 93 778
66 94 164
28 95 780
91 96 639
1 97 745
3 98 490
12 99 491
61 100 681
85 94 154
70 85 566
80 54 329
97 98 183
35 46 711
26 42 366
93 69 903
28 90 41
98 85 370
80 40 239
46 10 811
84 92 278
79 71 405
24 59 64
13 55 338
79 80 810
12 72 630
68 47 491
1 10 204
1 64 438
76 16 641
93 52 588
16 80 464
84 10 735
1 26 777
99 99 604
22 1 404
1 29 321
83 19 87
15 99 502
62 19 626
26 53 909
88 94 105
55 3 144
65 9 600
63 55 584
9 10 64
69 7 686
13 9 527
75 77 550
51 100 931
3 98 611
48 72 999
1 22 150
8 53 848
7 95 56
33 90 1
47 9 366
78 55 413
15 80 226
42 26 117
38 71 426
88 71 697
72 95 998
19 83 885
0 
0 
0 
0 
0 
0 
0 
0 
0 
0 
0 
0 
0 
0 
0 
0 
0 
0 
0 
0 
0 
0 
0 
0 
0 
0 
0 
0 
0 
0 
0 
0 
0 
0 
0 
0 
0 
0 
0 
0 
0 
0 
0 
0 
0 
0 
0 
0 
0 
0 
0 
0 
0 
0 
0 
0 
0 
0 
0 
0 
0 
0 
0 
0 
0 
0 
0 
0 
0 
0 
0 
0 
0 
0 
0 
0 
0 
0 
0 
0 
0 
0 
0 
0 
0 
0 
0 
0 
0 
0 
0 
0 
0 
0 
0 
0 
0 
0 
0 
0 
